
2019RNAAS...3..101M     [candidate GCs]

ID           RA(J2000) DE(J2000) AKs   NRR Comments  Alessi VVV
Minni 85     18 02 25 -28 43 52  0.233  1             NF
Minni 86     18 15 26 -30 15 56  0.073  1             NF
Minni 87     18 13 48 -27 57 23  0.141  4  BHB        NF
Minni 88     18 21 10 -28 14 23  0.113  1             NF
Minni 89     17 47 59 -21 24 34  0.301  0             NF
Minni 90     18 16 46 -34 19 41  0.050  0  BHB        NF
Minni 91     17 54 14 -36 09 08  0.172  3  BHB        NF
Minni 92     18 01 04 -36 58 28  0.086  0  BHB        NF
Minni 93     18 09 04 -37 50 36  0.041  0             NF
Minni 94     17 15 03 -31 48 46  0.314  1             NF
Minni 95     18 14 22 -21 53 04  0.728  1             Cl??
Minni 96     18 14 10 -21 39 17  0.951  0             NF
Minni 97     18 12 34 -20 49 01  1.155  0             NF
Minni 98     18 10 45 -22 32 20  0.953  0             NF
Minni 99     18 14 35 -22 01 11  0.704  1             NF
Minni 100    18 08 58 -23 47 08  1.113  1             NF
Minni 101    17 34 56 -33 37 54  2.116  2             NF
Minni 102    17 24 04 -36 14 54  3.087  0             NF
Minni 103    17 27 41 -37 50 40  0.869  0             NF
Minni 104    17 32 18 -37 58 18  0.482  1             NF
Minni 105    17 28 56 -37 41 25  1.049  0             NF
Minni 106    17 32 59 -36 44 30  0.454  1             NF
Minni 107    17 34 26 -37 01 29  0.484  0             NF
Minni 108    17 31 03 -37 17 26  0.798  0             NF
Minni 109    17 29 08 -38 17 56  0.689  0             NF
Minni 110    17 32 45 -37 41 21  0.571  0             NF
Minni 111    17 31 41 -37 49 38  0.587  0             NF
Minni 112    17 32 24 -36 20 43  0.650  2             NF
Minni 113    17 35 34 -35 50 08  0.709  0             NF
Minni 114    17 38 07 -35 44 44  0.460  1             NF
Minni 115    17 37 11 -34 35 37  0.688  1             NF
Minni 116    17 34 54 -33 38 24  2.128  2             NF
Minni 117    17 35 34 -34 55 39  0.807  0             NF
Minni 118    17 41 00 -34 51 51  0.533  0             NF
Minni 119    17 34 58 -33 39 33  2.145  0             NF
Minni 120    17 18 59 -34 02 42  0.778  0             NF
Minni 121    17 17 53 -34 26 09  0.767  0             NF
Minni 122    17 33 31 -36 57 19  0.454  1             NF
Minni 123    17 38 10 -34 51 09  0.622  0             NF
Minni 124    18 05 06 -25 17 25  1.048  2             NF
Minni 125    18 08 37 -24 34 19  0.666  1             NF
Minni 126    18 10 22 -23 14 38  0.736  1             NF
Minni 127    18 08 05 -23 49 27  1.104  1             NF
Minni 128    17 25 34 -38 31 40  0.607  0             NF
Minni 129    17 09 06 -37 40 42  0.946  0             NF
Minni 130    17 20 53 -40 02 01  0.546  0             NF
Minni 131    17 16 50 -40 00 34  0.852  0             NF
Minni 132    16 59 22 -39 11 31  0.829  0             NF
Minni 133    17 08 13 -42 51 00  0.896  0             NF
Minni 134    16 46 41 -42 40 06  0.929  0             NF
Minni 135    15 40 36 -56 22 45  1.345  0             NF

2020RNAAS...4..218M

ID          R.A.(J2000) De(J2000)  A_Ks   Comments                                         Alessi VVV

Minni 136   17 30 42.7 -17 16 06   0.113  1XRS                                             NF
Minni 137   17 45 23.9 -18 03 45   0.186                                                   Ast
Minni 138   17 32 10.1 -15 31 41   0.119                                                   Ast?
Minni 139   17 39 30.8 -20 53 11   0.213  1RRL                                             Ast
Minni 140   17 32 10.1 -22 06 43   0.311  1RRL,1XRS                                        Ast
Minni 141   17 32 34.8 -17 31 55   0.112  1RRL                                             Ast
Minni 142   17 26 56.5 -21 43 43   0.370                                                   NF
Minni 143   17 25 21.8 -17 43 41   0.100  1RRL                                             NF                                             
Minni 144   18 40 09.5 -30 34 26   0.045  3RRL                                             NF
Minni 145   18 53 28.3 -28 33 44   0.056  5RRL                                             NF
Minni 146   18 52 12.1 -31 56 45   0.039  3RRL                                             NF
Minni 147   18 41 56.5 -30 56 07   0.038  2RRL                                             NF
Minni 148   18 51 36.2 -30 24 58   0.043  2RRL                                             NF
Minni 149   17 37 35.9 -27 52 40   0.478  1RRL                                             Cl?
Minni 150   17 36 28.8 -27 42 17   0.503  2RRL                                             Cl?
Minni 151   17 36 08.3 -27 36 13   0.468  4RRL                                             Ast
Minni 152   17 37 03.7 -27 29 09   0.492  3RRL                                             Ast
Minni 153   17 37 30.7 -27 34 57   0.502  4RRL,1T2C                                        Ast
Minni 154   17 38 09.1 -27 33 30   0.462  6RRL                                             Ast?
Minni 155   17 38 06.6 -27 44 02   0.447  1RRL,1PN                                         Ast
Minni 156   17 38 30.9 -27 40 51   0.448  5RRL                                             NF
Minni 157   17 39 09.7 -27 48 51   0.520  8RRL,1XRS                                        Cl?
Minni 158   17 41 08.3 -28 06 03   0.555  3RRL                                             Ast
Minni 159   17 41 24.7 -28 07 57   0.545                                                   Cl??
Minni 160   17 41 33.4 -28 15 13   0.590  5RRL,1XRS                                        Cl??
Minni 161   17 45 38.5 -28 42 15  20.282  1Mir,>20XRS                                      IR ast
Minni 162   17 48 34.5 -29 00 55   2.761                                                   IR ast
Minni 163   17 49 03.9 -29 04 57   2.213                                                   NF
Minni 164   17 49 13.0 -29 09 03   2.010                                                   NF
Minni 165   17 49 27.8 -29 10 52   1.669                                                   Ast
Minni 166   17 49 36.4 -29 14 54   1.078  1Mir,1T2C                                        DH?
Minni 167   17 49 34.9 -29 17 37   0.991  1RRL,1T2C,4Mir,1XRS                              Ast
Minni 168   17 49 54.6 -29 20 07   0.767  6RRL 8Mir                                        Cl??
Minni 169   17 51 11.7 -29 32 07   0.373  11RRL,2Mir,6XRS,1PN                              Cl?
Minni 170   17 51 37.5 -29 24 03   0.392  8RRL,5Mir                                        NF
Minni 171   17 52 36.3 -29 38 23   0.326  6RRL,4Mir,1XRS                                   Ast
Minni 172   17 55 15.3 -29 40 16   0.308  7RRL,4Mir                                        Ast?
Minni 173   17 53 03.3 -29 18 18   0.375  3RRL,2Mir,1T2C,1XRS                              Ast
Minni 174   17 50 57.9 -29 10 55   0.566  9RRL,1Mir                                        Cl?
Minni 175   17 50 54.0 -29 02 25   0.652  4RRL                                             DH?
Minni 176   17 47 19.3 -28 29 57  39.619  $>$20XRS                                         IR Cl
Minni 177   17 44 38.0 -28 17 01   1.716                                                   Ast
Minni 178   17 44 39.5 -28 13 03   1.725                                                   NF
Minni 179   17 43 52.1 -28 00 59   1.438                                                   Cl??
Minni 180   17 42 46.4 -28 00 58   0.653  2RRL -- DutraBica 22 at 3'                       Cl??
Minni 181   17 41 03.4 -27 35 26   0.530  5RRL,1XRS                                        Ast?
Minni 182   17 39 21.9 -27 29 39   0.428  4RRL,1PN,1XRS                                    Cl?
Minni 183   17 38 05.0 -27 11 48   0.437  4RRL                                             Cl?
Minni 184   17 40 59.3 -27 27 03   0.559  4RRL                                             Ast
Minni 185   17 41 37.1 -27 29 53   0.573  5RRL,1T2C                                        NF
Minni 186   17 42 14.3 -27 25 55   0.673  9RRL,1XRS                                        Ast
Minni 187   17 42 41.9 -27 32 09   0.592  10RRL,1PN,1XRS -- DB 19 at 3.5' Minni 46 at 4.6' Cl??
Minni 188   17 43 13.0 -27 45 26   0.866  13RRL -- Minni 60 at 3.2'                        Ast/NF
Minni 189   17 43 33.5 -27 38 58   0.755  10RRL -- Minni 60 at 5'                          Ast/NF
Minni 190   17 43 54.8 -27 47 13   1.462  1RRL,1PN                                         Cl?
Minni 191   17 44 02.9 -27 49 13   1.638                                                   Ast
Minni 192   17 44 08.4 -27 42 19   1.338  1PN -- DutraBica 23 at 2.5'                      NF
Minni 193   17 44 40.5 -27 47 07   2.129  4XRS                                             NF
Minni 194   17 44 27.9 -27 51 18   2.162                                                   NF
Minni 195   17 46 38.2 -28 12 05   9.390  8XRS                                             IR Cl
Minni 196   17 49 36.3 -28 24 59   5.742                                                   IR cl?
Minni 197   17 49 41.4 -28 33 51   3.109                                                   DH?
Minni 198   17 53 30.0 -28 53 46   0.573  8RRL,1PN,1Mir                                    NF
Minni 199   17 55 11.4 -29 04 27   0.358  5RRL,1XRS -- DutraBica 24 at 5'                  Cl?
Minni 200   17 55 10.0 -29 13 27   0.395  4RRL,3Mir                                        Cl?
Minni 201   17 57 50.0 -29 14 19   1.628  4RRL,2Mir                                        Cl?
Minni 202   17 55 51.8 -28 55 21   0.376  9RRL                                             Cl?
Minni 203   17 51 36.7 -28 21 19   1.171  14RRL,1XRS,1CCep                                 Cl
Minni 204   17 51 11.6 -28 18 28   1.599  4RRL,1T2C                                        NF?
Minni 205   17 48 03.1 -27 53 56  17.276                                                   IR Cl?
Minni 206   17 45 45.2 -27 24 40   2.290  1RRL                                             NF
Minni 207   17 43 06.3 -27 10 01   0.664  3RRL                                             NF
Minni 208   17 41 07.0 -26 53 13   0.825  6RRL                                             Ast
Minni 209   17 39 05.1 -26 34 57   0.517  4RRL                                             Ast
Minni 210   17 40 39.8 -26 29 19   0.615  4RRL                                             Ast?
Minni 211   17 40 43.9 -26 33 53   0.667  7RRL                                             Ast
Minni 212   17 42 33.9 -26 41 58   0.709  4RRL                                             Cl?
Minni 213   17 44 28.6 -27 00 20   0.802  7RRL                                             Ast?
Minni 214   17 45 06.7 -27 11 33   1.249  2RRL                                             Ast
Minni 215   17 45 55.8 -27 17 27   1.913  1RRL                                             Cl?
Minni 216   17 46 16.7 -27 22 15   2.238                                                   NF
Minni 217   17 52 16.1 -28 01 10   3.419  3RRL,1PN                                         NF
Minni 218   17 53 56.4 -28 22 21   0.701  10RRL,4XRS -- Minni 34 at 4.5'                   Cl
Minni 219   17 56 17.2 -28 39 51   0.377  6RRL,2Mir,2XRS                                   NF
Minni 220   17 59 24.5 -28 43 02   0.263  4RRL,2Mir                                        Cl??
Minni 221   17 56 01.1 -28 16 18   0.673  6RRL,1PN,2XRS                                    Cl
Minni 222   17 55 29.7 -28 17 41   0.685  1PN                                              Ast
Minni 223   17 49 12.1 -27 23 11  10.058  1XRS                                             NF
Minni 224   17 48 37.3 -27 18 08   6.602                                                   IR Cl?
Minni 225   17 46 51.1 -27 00 53   1.312  3RRL,1PN,1T2C                                    Cl?
Minni 226   17 45 50.5 -26 52 53   1.133  4RRL                                             
Minni 227   17 44 50.4 -26 45 06   0.853  4RRL                                             
Minni 228   17 44 42.7 -26 44 10   0.811  4RRL                                             
Minni 229   17 43 09.5 -26 35 59   0.662  5RRL,1PN,1T2C                                    
Minni 230   17 42 39.5 -26 32 40   0.585  6RRL -- Minni 44 at 4'                           Ast
Minni 231   17 42 20.6 -26 26 57   0.559  2RRL                                             
Minni 232   17 42 31.4 -26 19 53   0.531  2RRL,2XRS                                        
Minni 233   17 41 46.7 -26 22 45   0.585  7RRL                                             Cl?
Minni 234   17 41 43.2 -26 15 40   0.593  3RRL,1PN                                         
Minni 235   17 41 23.2 -26 22 53   0.707  4RRL                                             
Minni 236   17 39 58.5 -26 01 05   0.532  4RRL                                             
Minni 237   17 39 35.6 -26 09 16   0.463  8RRL                                             NF
Minni 238   17 39 48.1 -25 56 16   0.568  5RRL                                             
Minni 239   17 40 09.3 -25 59 00   0.579  3RRL                                             
Minni 240   17 41 10.4 -25 57 16   0.574  3RRL                                             
Minni 241   17 41 56.0 -28 37 27   0.841                                                   
Minni 242   17 43 55.3 -26 23 40   0.650  7RRL                                             Ast
Minni 243   17 45 28.2 -26 38 08   1.128  2RRL -- DutraBica 33 at 4'                       Ast
Minni 244   17 45 32.5 -26 41 51   1.255  5RRL,2XRS -- DutraBica 33 at 1'                  Ast
Minni 245   17 46 20.5 -26 42 54   0.991  3RRL                                             Ast
Minni 246   17 47 41.7 -26 49 32   2.057  2RRL,1PN                                         Cl??
Minni 247   17 48 22.7 -27 03 21   3.138                                                   NF
Minni 248   17 48 58.9 -27 00 17   3.698                                                   Ast
Minni 249   17 49 33.1 -27 09 59   8.220                                                   IC Cl?
Minni 250   17 49 58.9 -27 08 31   8.273  1CCep                                            NF
Minni 251   17 52 09.7 -27 31 26   3.758                                                   Ast
Minni 252   17 53 29.4 -27 35 58   2.472                                                   IR cl
Minni 253   17 55 42.0 -27 58 07   1.104  4RRL                                             
Minni 254   17 56 11.8 -27 58 08   0.954  5RRL                                             
Minni 255   17 56 37.2 -27 57 50   0.883  8RRL,1XRS                                        Cl??
Minni 256   17 59 34.9 -28 20 23   0.321  5RRL                                             
Minni 257   17 59 48.1 -28 21 53   0.298  8RRL                                             Ast
Minni 258   17 58 19.6 -28 02 30   0.490  3RRL,1Mir                                        
Minni 259   17 57 18.0 -27 58 00   0.689  1RRL,1Mir,1XRS                                   
Minni 260   17 56 24.1 -27 50 34   1.213  8RRL                                             Cl?? DH??
Minni 261   17 55 16.8 -27 36 59   1.467  6RRL,2XRS                                        Ast
Minni 262   17 54 33.7 -27 33 59   1.752  1RRL                                             
Minni 263   17 54 34.5 -27 34 13   1.728  1RRL                                             
Minni 264   17 53 16.5 -27 21 39   3.734  -- Czernik 37 at 1'                              = Cz 37
Minni 265   17 51 42.6 -27 12 05   9.334                                                   NF
Minni 266   17 51 18.5 -27 02 31  10.710                                                   NF
Minni 267   17 50 22.9 -26 46 52   7.604                                                   
Minni 268   17 48 35.6 -26 39 19   2.181  2RRL                                             
Minni 269   17 47 50.1 -26 29 00   1.401                                                   
Minni 270   17 47 48.5 -26 20 30   1.287  2RRL,1XRS                                        
Minni 271   17 44 25.5 -25 59 15   0.596  3RRL,1XRS                                        
Minni 272   17 43 16.6 -25 52 03   0.534  4RRL                                             
Minni 273   17 59 43.0 -29 43 53   0.298  3RRL                                             
Minni 274   17 58 43.0 -29 28 46   0.329  5RRL,1Mir                                        
Minni 275   17 57 02.3 -29 20 13   0.306  4RRL                                             
Minni 276   17 43 30.8 -28 51 20   2.072                                                   
Minni 277   17 38 46.0 -28 05 09   0.404  3RRL,1PN                                         
Minni 278   17 39 14.0 -28 04 08   0.394  5RRL,2XRS                                        
Minni 279   17 54 49.0 -20 18 37   0.488                                                   
Minni 280   17 55 25.0 -17 59 39   0.342  2RRL                                             
Minni 281   17 38 14.2 -30 02 18   2.145                                                   
Minni 282   17 35 56.0 -29 38 15   0.777  3RRL,1CCep                                       
Minni 283   17 39 56.0 -29 51 11   2.104                                                   
Minni 284   17 41 21.2 -30 05 08   5.413  7XRS,1CCep                                       IR Cl
Minni 285   17 48 34.1 -30 38 51   0.889  5RRL,1XRS,1Mir                                   IR ast 
Minni 286   17 47 35.8 -30 34 48   1.062                                                   
Minni 287   17 41 05.8 -29 42 20   3.190                                                   
Minni 288   17 35 58.4 -29 05 04   0.604  4RRL,2XRS                                        
Minni 289   17 48 24.8 -30 33 32   0.890  3RRL                                             
Minni 290   17 36 05.5 -28 16 18   0.573                                                   
Minni 291   17 36 51.3 -28 16 13   0.573  2RRL -- Camargo 1105 at 4.5'                     Cl
Minni 292   17 37 51.1 -28 30 56   0.518  5RRL,1XRS                                        
Minni 293   17 38 45.8 -28 30 00   0.477  5RRL,4XRS -- VVV CL 127 at 1'                    Cl
Minni 294   17 39 34.0 -28 40 01   0.802  3RRL,repeated Minni 297                          
Minni 295   17 40 14.3 -28 36 16   0.794  1XRS                                             
Minni 296   17 41 01.0 -28 47 10   0.900  1PN,1XRS,1T2C -- Minni 2 at 3.6'                 
Minni 297   17 39 34.0 -28 40 01   0.802  3RRL,repeated Minni 294                          
Minni 298   17 41 41.9 -28 51 21   1.123                                                   
Minni 299   17 41 51.9 -28 51 57   1.158                                                   
Minni 300   17 51 13.7 -30 06 51   0.393  8RRL,2Mir -- NGC 6451 at 1'                      Cl?? = NGC 6541?
Minni 301   17 55 14.3 -30 25 17   0.416  2RRL,1Mir                                        
Minni 302   17 51 24.2 -29 48 38   0.354  11RRL,3Mir,1XRS -- Minni 59 at 1.5'              Cl?? DH??
Minni 303   17 51 00.2 -29 44 18   0.483  13RRL,2Mir,1XRS                                  Cl
Minni 304   17 50 11.4 -29 36 10   0.415  10RRL,6Mir                                       Cl
Minni 305   17 49 47.1 -29 36 16   0.509  8RRL,4Mir,1XRS                                   Ast
Minni 306   17 49 45.3 -29 33 28   0.487  11RRL,6Mir                                       Ast
Minni 307   17 49 06.6 -29 30 59   0.913  1RRL -- VVV CL 149 at 4.5'                       
Minni 308   17 38 08.2 -27 50 56   0.460  1RRL                                             
Minni 309   18 31 23.0 -25 07 58   0.108  1Mir                                             
Minni 310   18 34 15.0 -28 33 49   0.079  2RRL                                             
Minni 311   18 34 30.0 -28 47 03   0.081                                                   
Minni 312   18 34 38.0 -28 51 37   0.083                                                   
Minni 313   18 45 33.0 -24 09 08   0.111                                                   
Minni 314   17 45 42.0 -24 02 04   0.409  1RRL,1Mir                                        
Minni 315   17 46 03.0 -21 47 03   0.376  2RRL                                             
Minni 316   17 48 06.0 -18 24 17   0.268  1RRL                                             
Minni 317   17 48 40.0 -22 27 35   0.350  2RRL,2Mir                                        
Minni 318   17 49 35.0 -24 59 10   1.352                                                   
Minni 319   17 49 39.0 -24 37 03   1.000  4RRL                                             
Minni 320   17 48 55.0 -24 10 16   0.722  1RRL                                             
Minni 321   17 48 49.0 -19 41 03   0.293                                                   
Minni 322   17 48 38.0 -20 30 23   0.341                                                   
Minni 323   17 47 18.8 -24 30 09   0.860  1RRL                                             
Minni 324   18 46 19.2 -29 27 00   0.053  2RRL                                             
Minni 325   18 54 09.6 -31 58 12   0.036                                                   
Minni 326   18 51 07.2 -29 56 24   0.049  3RRL                                             
Minni 327   19 00 43.2 -29 59 24   0.044                                                   
Minni 328   18 47 16.8 -30 06 00   0.053  2RRL                                             
Minni 329   18 44 31.2 -30 01 12   0.040  3RRL                                             
Minni 330   18 55 38.4 -29 59 24   0.043  2RRL                                             
