SFOG 308       72.899884250000010 +45.6389503269230800   0.123921034297380520   Aur  04 51 36.0 +45 38 20    14.9
SFOG 512       74.169056349999990 +43.9277872500000000   0.058862073510873750   Aur  04 56 40.6 +43 55 40     7.1
SFOG 309       78.316834169999990 +37.4394909633333300   0.095021759407121460   Aur  05 13 16.0 +37 26 22    11.4
SFOG 310       79.653283850000000 +39.4941621100000050   0.024806935305474776   Aur  05 18 36.8 +39 29 39     3.0
SFOG 313       79.762664550000000 +38.6952352200000100   0.083896664243876170   Aur  05 19 03.0 +38 41 43    10.1
SFOG 329       79.765466909090920 +36.7611274545454600   0.092001797896834140   Aur  05 19 03.7 +36 45 40    11.0
SFOG 312       80.028983000000000 +39.0238568333333300   0.056960892443852926   Aur  05 20 07.0 +39 01 26     6.8
SFOG 311       80.195960171428580 +38.1330996857142850   0.092845593820410830   Aur  05 20 47.0 +38 07 59    11.1
SFOG 328       80.242626095522400 +36.6426906731343300   0.295942065770057050   Aur  05 20 58.2 +36 38 34    35.5
SFOG 555       80.727691717391310 +33.4741341695652100   0.070747771152488740   Aur  05 22 54.6 +33 28 27     8.5
SFOG 321       80.779022390000000 +33.9806871200000000   0.067423419495752370   Aur  05 23 07.0 +33 58 51     8.1
SFOG 319       81.200399053333330 +34.7275975466666700   0.112909425011825010   Aur  05 24 48.1 +34 43 39    13.5
SFOG 320       81.203331836363630 +34.5220107454545440   0.098267267064116810   Aur  05 24 48.8 +34 31 19    11.8
SFOG 314       81.396139796103880 +34.9237333480519500   0.392975973797565600   Aur  05 25 35.1 +34 55 25    47.2
SFOG 324       81.618781092857130 +36.3344346500000000   0.097389756250712070   Aur  05 26 28.5 +36 20 04    11.7
SFOG 322       81.812763714285710 +35.0169731428571500   0.067870910744220720   Aur  05 27 15.1 +35 01 01     8.1
SFOG 316       82.043072610769240 +34.4585513369230700   0.391048917492750560   Aur  05 28 10.3 +34 27 31    46.9
SFOG 317       82.089816974999990 +35.0400421350000000   0.173736115448830160   Aur  05 28 21.6 +35 02 24    20.8
SFOG 327       82.508965400000000 +33.4494050428571440   0.106852449200985950   Aur  05 30 02.2 +33 26 58    12.8
SFOG 326       82.598585500000000 +36.6885522500000000   0.114575678183677670   Aur  05 30 23.7 +36 41 19    13.7
SFOG 318       82.702771539999990 +33.7950921866666700   0.053392012909231650   Aur  05 30 48.7 +33 47 42     6.4
SFOG 315       82.848269186792450 +34.2104289566037800   0.104397477446775050   Aur  05 31 23.6 +34 12 38    12.5
SFOG 323       82.871580527272710 +35.4768343000000000   0.061875317657770180   Aur  05 31 29.2 +35 28 37     7.4
SFOG 325       82.873547350000000 +36.7153296285714300   0.071227100383017790   Aur  05 31 29.7 +36 42 55     8.5
SFOG 340       83.461837287499990 +30.6554179041666700   0.129554639049513200   Aur  05 33 50.8 +30 39 20    15.5
SFOG 344       83.852262700000000 +32.0872910625000000   0.053021700767233320   Aur  05 35 24.5 +32 05 14     6.4
SFOG 339       84.123500028571430 +31.2978331285714260   0.049431670622184850   Aur  05 36 29.6 +31 17 52     5.9
SFOG 343       84.146850980555560 +31.8185396111111100   0.125039779752288030   Aur  05 36 35.2 +31 49 07    15.0
SFOG 342       84.450475969230770 +31.9960424230769220   0.143415340689202670   Aur  05 37 48.1 +31 59 46    17.2
SFOG 341       84.535063968421060 +31.7145626894736880   0.164770529226385580   Aur  05 38 08.4 +31 42 52    19.8
SFOG 335       84.681779077777760 +30.7319956396825400   0.213371693808014000   Aur  05 38 43.6 +30 43 55    25.6
SFOG 331       84.766664119999990 +33.6653303085714300   0.161605977492326100   Aur  05 39 04.0 +33 39 55    19.4
SFOG 337       84.808334158333320 +30.0915056416666600   0.115655229374041230   Aur  05 39 14.0 +30 05 29    13.9
SFOG 334       84.809899229729720 +31.4933640081081100   0.174571981012591640   Aur  05 39 14.4 +31 29 36    20.9
SFOG 336       84.861615000000000 +30.8826580000000000   0.087148645098473380   Aur  05 39 26.8 +30 52 58    10.5
SFOG 345       85.020091477777770 +33.4039278888888900   0.112885176965358920   Aur  05 40 04.8 +33 24 14    13.5
SFOG 338       85.319937381818180 +29.5054332454545400   0.095166379342968450   Aur  05 41 16.8 +29 30 20    11.4
SFOG 332       85.701843155555550 +28.9496182777777770   0.025811570283886480   Aur  05 42 48.4 +28 56 59     3.1
SFOG 333       86.122318413043470 +31.3051060869565170   0.059578784080405790   Aur  05 44 29.4 +31 18 18     7.1
SFOG 330       86.818940562962960 +30.6198461259259200   0.169448533118467830   Aur  05 47 16.5 +30 37 11    20.3
SFOG 419       106.74473620588235 -11.3387962529411780   0.101659140972412870   CMa  07 06 58.7 -11 20 20    12.2
SFOG 423       108.12681611111110 -11.2540628888888890   0.070883477288434670   CMa  07 12 30.4 -11 15 15     8.5
SFOG 422       108.55053484818181 -12.1036864927272700   0.337704563222428260   CMa  07 14 12.1 -12 06 13    40.5
SFOG 561       109.67666508333336 -18.3695200416666680   0.053126422369475707   CMa  07 18 42.4 -18 22 10     6.4
SFOG 425       109.73575925384615 -18.0596690615384650   0.115574733758074230   CMa  07 18 56.6 -18 03 35    13.9
SFOG 426       109.87463188269233 -17.7648642980769220   0.249945338632615120   CMa  07 19 29.9 -17 45 54    30.0
SFOG 424       110.76615815882352 -14.7021551235294100   0.024215716410885983   CMa  07 23 03.9 -14 42 08     2.9
SFOG 269       51.812690735947710 +58.7619449326797300   0.280707309499146240   Cam  03 27 15.0 +58 45 43    33.7
SFOG 270       52.077446680000000 +59.0056402599999900   0.057692842514582320   Cam  03 28 18.6 +59 00 20     6.9
SFOG 275       52.199646214285710 +58.5487695380952360   0.157036521282471110   Cam  03 28 47.9 +58 32 56    18.8
SFOG 279       52.453739833333340 +58.2862585000000000   0.091885014617453690   Cam  03 29 48.9 +58 17 11    11.0
SFOG 278       52.513497273333330 +58.0742080933333260   0.141901324592129540   Cam  03 30 03.2 +58 04 27    17.0
SFOG 282       52.530398938461540 +55.7570395615384600   0.094234919939478080   Cam  03 30 07.3 +55 45 25    11.3
SFOG 280       52.751677300000004 +55.6460744333333300   0.071556054771766960   Cam  03 31 00.4 +55 38 46     8.6
SFOG 281       52.987996746153840 +58.3836133307692360   0.068329505961918670   Cam  03 31 57.1 +58 23 01     8.2
SFOG 274       53.313438899999994 +55.1770333599999960   0.063819372515327180   Cam  03 33 15.2 +55 10 37     7.7
SFOG 277       53.461374331578950 +58.1310217368420940   0.140789195288781250   Cam  03 33 50.7 +58 07 52    16.9
SFOG 272       54.501852337500000 +56.0221831250000000   0.095071145813279220   Cam  03 38 00.4 +56 01 20    11.4
SFOG 273       54.787280987500000 +55.9815791875000100   0.073883047991402120   Cam  03 39 08.9 +55 58 54     8.9
SFOG 293       57.177984121428565 +55.8524213785714300   0.107266544835748460   Cam  03 48 42.7 +55 51 09    12.9
SFOG 291       58.244556777777774 +53.3413432333333300   0.069545220745208770   Cam  03 52 58.7 +53 20 29     8.3
SFOG 288       58.302272644444440 +52.9417047444444400   0.102600801658659920   Cam  03 53 12.5 +52 56 30    12.3
SFOG 289       58.468789013043480 +53.5522289956521650   0.148810485309334000   Cam  03 53 52.5 +53 33 08    17.9
SFOG 287       58.481276658823530 +53.2031668352941200   0.137388074126721900   Cam  03 53 55.5 +53 12 11    16.5
SFOG 286       58.939412730630630 +53.8156170459459500   0.254261737901124800   Cam  03 55 45.5 +53 48 56    30.5
SFOG 290       59.569424944444435 +54.6444937777777750   0.091064566317599240   Cam  03 58 16.7 +54 38 40    10.9
SFOG 294       61.459595237500000 +54.8674499000000000   0.068052697802880660   Cam  04 05 50.3 +54 52 03     8.2
SFOG 292       61.946956328571430 +54.7268048571428500   0.043502831083161400   Cam  04 07 47.3 +54 43 37     5.2
SFOG 554       64.870702591666670 +52.9429894333333300   0.125410101127748000   Cam  04 19 29.0 +52 56 35    15.0
SFOG 217       0.4209533021739130 +64.6260098543478300   0.162621942363261600   Cas  00 01 41.0 +64 37 34    19.5
SFOG 219       3.5856600800000002 +64.4775723800000000   0.135137625864338420   Cas  00 14 20.6 +64 28 39    16.2
SFOG 216       5.2911894444444450 +63.3580912222222300   0.079596799750365200   Cas  00 21 09.9 +63 21 29     9.6
SFOG 227       6.5677851441860480 +64.8936079581395400   0.170435448473165940   Cas  00 26 16.3 +64 53 37    20.5
SFOG 226       6.8237872909090910 +64.7190454030303100   0.158662384971989920   Cas  00 27 17.7 +64 43 09    19.0
SFOG 550       7.3317983761904770 +65.4532719404762000   0.296104653223155400   Cas  00 29 19.6 +65 27 12    35.5
SFOG 222       7.3571106125000000 +64.3368813250000000   0.077139725400354270   Cas  00 29 25.7 +64 20 13     9.3
SFOG 551       8.0743348700000000 +65.4676722700000000   0.084792526229276150   Cas  00 32 17.8 +65 28 04    10.2
SFOG 224       8.7870122222222240 +63.5255596666666700   0.082313895260763690   Cas  00 35 08.9 +63 31 32     9.9
SFOG 225       9.1975174214285720 +63.4895155500000000   0.116890995655140400   Cas  00 36 47.4 +63 29 22    14.0
SFOG 228       9.2811125666666680 +64.0595718666666600   0.071448067209687540   Cas  00 37 07.5 +64 03 35     8.6
SFOG 221       12.432382839130435 +65.4164215260869600   0.136609904035222080   Cas  00 49 43.8 +65 24 59    16.4
SFOG 223       12.553258833333334 +64.7568129666666700   0.076509663339019260   Cas  00 50 12.8 +64 45 25     9.2
SFOG 552       17.284332463636360 +62.6419857818181900   0.101522674245818460   Cas  01 09 08.2 +62 38 31    12.2
SFOG 229       17.652432314285715 +63.5306363428571400   0.086265979206754690   Cas  01 10 36.6 +63 31 50    10.4
SFOG 234       19.053837073770490 +64.8102828377049300   0.296525096583744650   Cas  01 16 12.9 +64 48 37    35.6
SFOG 232       22.170380666666663 +63.4660532222222200   0.067784319934625460   Cas  01 28 40.9 +63 27 58     8.1
SFOG 233       23.092038460000005 +63.4626822266666600   0.112014107269007440   Cas  01 32 22.1 +63 27 46    13.4
SFOG 230       24.905486840000002 +64.9000876699999900   0.090937324489177700   Cas  01 39 37.3 +64 54 00    10.9
SFOG 231       26.425708454545450 +64.2697310909090800   0.094780447541938330   Cas  01 45 42.2 +64 16 11    11.4
SFOG 236       29.374226110000002 +62.1128841900000000   0.084179891140937630   Cas  01 57 29.8 +62 06 46    10.1
SFOG 240       30.295571861904758 +63.6453931285714350   0.166969072456046700   Cas  02 01 10.9 +63 38 43    20.0
SFOG 553       34.658049033333334 +61.7647015666666700   0.095157877094083470   Cas  02 18 37.9 +61 45 53    11.4
SFOG 250       35.258063500000000 +61.4664087777777800   0.168317908560707330   Cas  02 21 01.9 +61 27 59    20.2
SFOG 239       35.281503430379740 +61.1074138430379800   0.418102806629243100   Cas  02 21 07.6 +61 06 27    50.2
SFOG 251       35.283371084848476 +62.0857175121212140   0.205208595159291160   Cas  02 21 08.0 +62 05 09    24.6
SFOG 235       35.785307827272725 +62.0742882181818200   0.193844478371840850   Cas  02 23 08.5 +62 04 27    23.3
SFOG 238       35.835639879999995 +61.2147896700000000   0.096320436979906940   Cas  02 23 20.6 +61 12 53    11.6
SFOG 249       36.048520122641510 +61.5072357018867850   0.249485800760284800   Cas  02 24 11.6 +61 30 26    29.9
SFOG 241       36.436864281250000 +61.2762406031250000   0.182718914360280700   Cas  02 25 44.8 +61 16 35    21.9
SFOG 237       36.725389844755250 +61.8186388851748300   0.808246208770569400   Cas  02 26 54.1 +61 49 07    97.0
SFOG 252       37.328259228571426 +61.1859164142857140   0.099441937815490030   Cas  02 29 18.8 +61 11 09    11.9
SFOG 246       37.502130580000006 +61.8239007000000000   0.120998341324373730   Cas  02 30 00.5 +61 49 26    14.5
SFOG 245       37.662022642857146 +61.4949062714285760   0.071635942968594320   Cas  02 30 38.9 +61 29 42     8.6
SFOG 511       37.816532462500010 +60.9354243375000000   0.077178569813775400   Cas  02 31 16.0 +60 56 08     9.3
SFOG 243       38.242166714285716 +62.2039550000000000   0.070619381964158790   Cas  02 32 58.1 +62 12 14     8.5
SFOG 244       38.357855408000000 +61.5004986137142800   0.780662416913514800   Cas  02 33 25.9 +61 30 02    93.7
SFOG 260       38.371585999999990 +60.4074189230769200   0.109568114351302770   Cas  02 33 29.2 +60 24 27    13.1
SFOG 247       38.673176712727270 +61.7803575072727300   0.211142412627117830   Cas  02 34 41.6 +61 46 49    25.3
SFOG 242       38.737030750000000 +62.4420716250000040   0.029150851694248030   Cas  02 34 56.9 +62 26 32     3.5
SFOG 248       39.045758800000000 +61.9609637111111100   0.057765470172500990   Cas  02 36 11.0 +61 57 40     6.9
SFOG 258       39.196021580952380 +60.5361486142857360   0.110709500578090450   Cas  02 36 47.0 +60 32 10    13.3
SFOG 254       39.437809052173910 +61.2967643826087000   0.180970632582335840   Cas  02 37 45.1 +61 17 48    21.7
SFOG 263       39.639219449999990 +61.8597177000000000   0.050677172092076680   Cas  02 38 33.4 +61 51 35     6.1
SFOG 256       39.705066428571435 +61.4514855428571400   0.081893879282886970   Cas  02 38 49.2 +61 27 05     9.8
SFOG 255       40.010114511111110 +61.3393050777777800   0.053746824352701440   Cas  02 40 02.4 +61 20 22     6.4
SFOG 265       41.179134636363635 +60.8453285727272700   0.215437376433383480   Cas  02 44 43.0 +60 50 43    25.9
SFOG 266       41.630310025000000 +60.1879585916666800   0.117237106133257100   Cas  02 46 31.3 +60 11 17    14.1
SFOG 264       41.889440778571434 +60.9819726928571500   0.182571692998943570   Cas  02 47 33.5 +60 58 55    21.9
SFOG 253       41.891354058333330 +61.9465223500000000   0.081489516104156360   Cas  02 47 33.9 +61 56 48     9.8
SFOG 257       42.959137334551490 +60.5669280101328900   1.035386154404840800   Cas  02 51 50.2 +60 34 01   124.2
SFOG 267       44.482365599999994 +61.2108681909090900   0.083032776854988850   Cas  02 57 55.8 +61 12 39    10.0
SFOG 261       44.976865228992630 +60.5615184982800940   0.987485573550949800   Cas  02 59 54.4 +60 33 42   118.5
SFOG 268       45.833050846153846 +60.9964079230769200   0.109978859965224360   Cas  03 03 19.9 +60 59 47    13.2
SFOG 262       46.371294140909090 +60.1959111500000000   0.109974258406230580   Cas  03 05 29.1 +60 11 45    13.2
SFOG 259       46.865966781818180 +58.5101616545454560   0.055267951990732040   Cas  03 07 27.8 +58 30 37     6.6
SFOG 276       47.570968692857140 +57.8287159071428500   0.131101969598096100   Cas  03 10 17.0 +57 49 43    15.7
SFOG 284       48.468367799999996 +58.5274106529411800   0.104656271805610490   Cas  03 13 52.4 +58 31 39    12.6
SFOG 271       48.785961863636366 +59.7800966909090900   0.123784399729135630   Cas  03 15 08.6 +59 46 48    14.9
SFOG 283       48.898874899999990 +58.6527168333333400   0.131158964577339250   Cas  03 15 35.7 +58 39 10    15.7
SFOG 200       348.87675160869566 +61.1170643043478200   0.173326358367650420   Cas  23 15 30.4 +61 07 01    20.8
SFOG 197       349.13901270000000 +60.8542100500000000   0.103834584822625880   Cas  23 16 33.4 +60 51 15    12.5
SFOG 209       354.16948466666670 +62.6625896666666600   0.077507923030476230   Cas  23 36 40.7 +62 39 45     9.3
SFOG 206       354.90946271000000 +61.9474875825000000   0.195109528296303930   Cas  23 39 38.3 +61 56 51    23.4
SFOG 220       357.66804588571420 +63.6964904857142860   0.085784909431962670   Cas  23 50 40.3 +63 41 47    10.3
SFOG 218       358.26961366000000 +62.7614530133333400   0.069429675398913100   Cas  23 53 04.7 +62 45 41     8.3
SFOG 172       322.73077037142855 +55.7720923809523700   0.158399645149685500   Cep  21 30 55.4 +55 46 20    19.0
SFOG 171       323.00260490000000 +55.8749666333333400   0.142527818790160660   Cep  21 32 00.6 +55 52 30    17.1
SFOG 177       325.14387104166667 +56.5784645583333400   0.103232389802094070   Cep  21 40 34.5 +56 34 43    12.4
SFOG 174       326.46226385555553 +57.4715829666666600   0.093789672172627930   Cep  21 45 50.9 +57 28 18    11.3
SFOG 175       327.40051800000003 +55.4672670000000000   0.068540905240953880   Cep  21 49 36.1 +55 28 02     8.2
SFOG 185       327.45282014615384 +56.9536901230769250   0.101764434929396530   Cep  21 49 48.7 +56 57 13    12.2
SFOG 184       328.10058691111110 +56.7273745777777700   0.159386670287232360   Cep  21 52 24.1 +56 43 39    19.1
SMOG 58        328.18822731000000 +58.0876348333000000   0.079000000000000000   Cep  21 52 45.2 +58 05 16     9.5
SFOG 182       328.21973554545450 +58.0719239090909200   0.097771139715416750   Cep  21 52 52.7 +58 04 19    11.7
SFOG 183       328.37214834545455 +56.4755742090909200   0.037351223428591580   Cep  21 53 29.3 +56 28 32     4.5
SFOG 187       328.54958949999997 +57.7142703000000000   0.112071767252887200   Cep  21 54 11.9 +57 42 51    13.4
SFOG 186       329.03025333866660 +57.9490398026666700   0.248434421985469920   Cep  21 56 07.3 +57 56 57    29.8
SMOG 60        329.03301878300000 +57.9494295621000000   0.253000000000000000   Cep  21 56 07.9 +57 56 58    30.4
SFOG 181       329.46456600000000 +58.4637179999999900   0.066909267476561220   Cep  21 57 51.5 +58 27 49     8.0
SMOG 40        329.46698862500000 +58.4431812500000000   0.076000000000000000   Cep  21 57 52.1 +58 26 36     9.1
SFOG 180       329.56028028571427 +58.6407584285714300   0.043501725899669996   Cep  21 58 14.5 +58 38 27     5.2
SFOG 178       329.57430672500000 +55.4383180333333400   0.029414833830050058   Cep  21 58 17.8 +55 26 18     3.5
SFOG 179       329.79043456206900 +58.5904309068965400   0.185016285562241600   Cep  21 59 09.7 +58 35 26    22.2
SMOG 44        329.81084189600000 +58.5926195745000000   0.218000000000000000   Cep  21 59 14.6 +58 35 33    26.2
SFOG 546       330.54473084444436 +58.6617036333333200   0.136478065670819850   Cep  22 02 10.7 +58 39 42    16.4
SMOG 17        330.56692746800000 +58.6592897182000000   0.259000000000000000   Cep  22 02 16.1 +58 39 33    31.1
SFOG 582       330.72468716666670 +58.6013296666666650   0.083468835928445960   Cep  22 02 53.9 +58 36 05    10.0
SFOG 614       331.08347390000000 +59.0944291000000000   0.081050545354433150   Cep  22 04 20.0 +59 05 40     9.7
SMOG 56        331.08347390000000 +59.0944291000000000   0.081000000000000000   Cep  22 04 20.0 +59 05 40     9.7
SMOG 21        331.56308891900000 +58.1895920624000000   0.173000000000000000   Cep  22 06 15.1 +58 11 23    20.8
SFOG 583       331.57069141379310 +58.1810381034482800   0.116813555936362460   Cep  22 06 17.0 +58 10 52    14.0
SFOG 601       331.69010377777780 +59.0444199444444500   0.128563009548802340   Cep  22 06 45.6 +59 02 40    15.4
SMOG 42        331.69758735400000 +59.0286427308000000   0.129000000000000000   Cep  22 06 47.4 +59 01 43    15.5
SMOG 55        331.95282558800000 +58.3763271250000000   0.139000000000000000   Cep  22 07 48.7 +58 22 35    16.7
SFOG 612       331.95660715384616 +58.3770023846153950   0.138524160870951900   Cep  22 07 49.6 +58 22 37    16.6
SMOG 14        332.10674016700000 +59.3955739167000000   0.117000000000000000   Cep  22 08 25.6 +59 23 44    14.0
SMOG 43        332.28317192500000 +58.5983735114000000   0.216000000000000000   Cep  22 09 08.0 +58 35 54    25.9
SFOG 602       332.33225746808510 +58.5802291489361600   0.213381548982680360   Cep  22 09 19.7 +58 34 49    25.6
SFOG 604       332.34977357894735 +58.7625824210526350   0.075526408467489900   Cep  22 09 23.9 +58 45 45     9.1
SMOG 48        332.36218668600000 +58.8013269804000000   0.119000000000000000   Cep  22 09 26.9 +58 48 05    14.3
SMOG 46        332.64731972200000 +58.3957987778000000   0.122000000000000000   Cep  22 10 35.4 +58 23 45    14.6
SFOG 606       332.66487671428575 +58.3956509999999940   0.092056560485934010   Cep  22 10 39.6 +58 23 44    11.0
SMOG 54        332.66858787500000 +59.8795620000000000   0.058000000000000000   Cep  22 10 40.5 +59 52 46     7.0
SFOG 610       332.67785444444445 +59.8767942222222300   0.068184276972402480   Cep  22 10 42.7 +59 52 37     8.2
SMOG 38        332.71981400000000 +59.6299450333000000   0.157000000000000000   Cep  22 10 52.8 +59 37 48    18.8
SFOG 597       332.74931900000000 +59.6236355000000060   0.119111585408401550   Cep  22 10 59.8 +59 37 25    14.3
SFOG 594       332.78879783333340 +59.2695745833333400   0.124643437882833110   Cep  22 11 09.3 +59 16 11    15.0
SMOG 31        332.80041931000000 +59.2760265357000000   0.146000000000000000   Cep  22 11 12.1 +59 16 34    17.5
SMOG 53        332.87587255000000 +59.8324769500000000   0.084000000000000000   Cep  22 11 30.2 +59 49 57    10.1
SFOG 609       332.89119440000000 +59.8294942000000000   0.044533122776760165   Cep  22 11 33.9 +59 49 46     5.3
SFOG 573       332.96608074324325 +58.5785293378378400   0.249828035930717840   Cep  22 11 51.9 +58 34 43    30.0
SMOG 11        333.03218225800000 +58.7721558500000000   0.504000000000000000   Cep  22 12 07.7 +58 46 20    60.5
SFOG 577       333.18776792523370 +58.9674257663551340   0.315332816321091000   Cep  22 12 45.1 +58 58 03    37.8
SFOG 603       333.21411063636360 +58.0575584090909100   0.149231142301130600   Cep  22 12 51.4 +58 03 27    17.9
SMOG 47        333.22916967100000 +58.0406268235000000   0.150000000000000000   Cep  22 12 55.0 +58 02 26    18.0
SMOG 65        333.39594293600000 +59.8777544392000000   0.235000000000000000   Cep  22 13 35.0 +59 52 40    28.2
SFOG 617       333.41907915000000 +59.8815672250000050   0.193983261951269220   Cep  22 13 40.6 +59 52 54    23.3
SFOG 598       333.79385543750000 +58.8223790833333400   0.168728407943820500   Cep  22 15 10.5 +58 49 21    20.2
SMOG 39        333.79395393900000 +58.8236628444000000   0.169000000000000000   Cep  22 15 10.5 +58 49 25    20.3
SMOG 37        333.80272450000000 +59.8448499000000000   0.118000000000000000   Cep  22 15 12.7 +59 50 42    14.2
SMOG 12        333.84220315000000 +57.9046787625000000   0.119000000000000000   Cep  22 15 22.1 +57 54 17    14.3
SFOG 576       333.87524245454540 +57.8976889090909100   0.090972562079177750   Cep  22 15 30.1 +57 53 52    10.9
SMOG 34        334.00858133300000 +59.7738202222000000   0.093000000000000000   Cep  22 16 02.1 +59 46 26    11.2
SFOG 587       334.08956572727270 +60.0814045000000050   0.089163417638612000   Cep  22 16 21.5 +60 04 53    10.7
SMOG 25        334.08991236100000 +60.0792694722000000   0.089000000000000000   Cep  22 16 21.6 +60 04 45    10.7
SMOG 23        334.30668766700000 +60.0285550897000000   0.167000000000000000   Cep  22 17 13.6 +60 01 43    20.0
SFOG 613       334.32032138461540 +58.0149021538461500   0.123454829080315420   Cep  22 17 16.9 +58 00 54    14.8
SMOG 33        334.32340242900000 +58.0135346310000000   0.123000000000000000   Cep  22 17 17.6 +58 00 49    14.8
SFOG 586       334.32446287500000 +60.0552928749999900   0.134376457448831300   Cep  22 17 17.9 +60 03 19    16.1
SMOG 45        334.51771007500000 +59.6218208000000000   0.079000000000000000   Cep  22 18 04.3 +59 37 19     9.5
SFOG 605       334.51955677777780 +59.6264303333333300   0.079410775252797580   Cep  22 18 04.7 +59 37 35     9.5
SFOG 595       334.98997556250000 +57.5098186250000000   0.112672896636684270   Cep  22 19 57.6 +57 30 35    13.5
SMOG 32        334.99106751600000 +57.5073365079000000   0.113000000000000000   Cep  22 19 57.9 +57 30 26    13.6
SMOG 52        335.08164076700000 +58.1525497905000000   0.187000000000000000   Cep  22 20 19.6 +58 09 09    22.4
SFOG 608       335.09409752631580 +58.1595357894736800   0.138054574580144950   Cep  22 20 22.6 +58 09 34    16.6
SFOG 600       335.22171021052634 +57.5973854210526350   0.124175802273445350   Cep  22 20 53.2 +57 35 51    14.9
SMOG 41        335.22220492600000 +57.6038950739000000   0.124000000000000000   Cep  22 20 53.3 +57 36 14    14.9
SMOG 30        335.35944524200000 +58.7103797393000000   0.310000000000000000   Cep  22 21 26.3 +58 42 37    37.2
SFOG 593       335.44794654437870 +58.6890079585798800   0.302723570210948500   Cep  22 21 47.5 +58 41 20    36.3
SMOG 29        336.10669093700000 +57.8829510833000000   0.222000000000000000   Cep  22 24 25.6 +57 52 59    26.6
SFOG 592       336.11395181081080 +57.8940835945945900   0.184180439395706500   Cep  22 24 27.3 +57 53 39    22.1
SFOG 589       336.21247238461540 +58.8372326153846150   0.136252765004066660   Cep  22 24 51.0 +58 50 14    16.4
SMOG 27        336.21247238500000 +58.8372326154000000   0.136000000000000000   Cep  22 24 51.0 +58 50 14    16.3
SMOG 22        336.61390725400000 +57.9061867684000000   0.483000000000000000   Cep  22 26 27.3 +57 54 22    58.0
SFOG 585       336.61360020289850 +57.9329255942029000   0.481284747911794200   Cep  22 26 27.3 +57 55 59    57.8
SFOG 591       336.62950161702133 +58.8280426382978900   0.270120551976803000   Cep  22 26 31.1 +58 49 41    32.4
SMOG 28        336.64632904500000 +58.8307916354000000   0.270000000000000000   Cep  22 26 35.1 +58 49 51    32.4
SMOG 4         336.67511607100000 +61.2335122011000000   0.163000000000000000   Cep  22 26 42.0 +61 14 01    19.6
SFOG 570       336.70575561538460 +61.2448798076923100   0.126133257156854560   Cep  22 26 49.4 +61 14 42    15.1
SMOG 49        336.78715648800000 +59.0573579625000000   0.097000000000000000   Cep  22 27 08.9 +59 03 27    11.6
SFOG 620       336.79356425000003 +59.0366787499999900   0.067379638647368500   Cep  22 27 10.5 +59 02 12     8.1
SMOG 51        336.91539479200000 +59.7546491250000000   0.141000000000000000   Cep  22 27 39.7 +59 45 17    16.9
SFOG 607       336.91710662500000 +59.7637923749999940   0.065492377274006320   Cep  22 27 40.1 +59 45 50     7.9
SFOG 588       337.01302194117640 +58.3296437058823500   0.113711743861390170   Cep  22 28 03.1 +58 19 47    13.6
SMOG 26        337.01396295100000 +58.3312202361000000   0.114000000000000000   Cep  22 28 03.4 +58 19 52    13.7
SMOG 50        337.07966785000000 +59.1220371500000000   0.154000000000000000   Cep  22 28 19.1 +59 07 19    18.5
SFOG 618       337.10222400000000 +59.1214973333333400   0.087049325433913350   Cep  22 28 24.5 +59 07 17    10.4
SMOG 57        337.37011392900000 +58.2545630000000000   0.070000000000000000   Cep  22 29 28.8 +58 15 16     8.4
SFOG 619       337.81403736363640 +58.1425849090909140   0.085668835630287960   Cep  22 31 15.4 +58 08 33    10.3
SFOG 572       338.20845605592103 +58.4803228684210550   0.504845486211624800   Cep  22 32 50.0 +58 28 49    60.6
SFOG 569       338.29828060000000 +59.2818155000000100   0.047901691371486820   Cep  22 33 11.6 +59 16 55     5.7
SMOG 3         338.30755563600000 +59.2724963636000000   0.089000000000000000   Cep  22 33 13.8 +59 16 21    10.7
SMOG 10        338.36129708100000 +58.5003670069000000   0.648000000000000000   Cep  22 33 26.7 +58 30 01    77.8
SMOG 13        338.41718773600000 +60.3270587078000000   0.058000000000000000   Cep  22 33 40.1 +60 19 37     7.0
SFOG 575       338.41840545000000 +60.3209718999999960   0.057713443464242994   Cep  22 33 40.4 +60 19 16     6.9
SFOG 574       338.72663511340210 +58.4021446701030900   0.241956345032033920   Cep  22 34 54.4 +58 24 08    29.0
SFOG 596       338.94202337499996 +60.1223469375000000   0.080157786385664310   Cep  22 35 46.1 +60 07 20     9.6
SMOG 36        338.95133748600000 +60.1198203472000000   0.120000000000000000   Cep  22 35 48.3 +60 07 11    14.4
SFOG 566       338.99543296026485 +59.4708714304635800   0.428515409039150100   Cep  22 35 58.9 +59 28 15    51.4
SMOG 0         339.03101153000000 +59.4870041152000000   0.429000000000000000   Cep  22 36 07.4 +59 29 13    51.5
SFOG 571       339.30695263333330 +58.5743866000000040   0.182879194926589440   Cep  22 37 13.7 +58 34 28    21.9
SMOG 6         339.30691536000000 +58.5763590000000000   0.183000000000000000   Cep  22 37 13.7 +58 34 35    22.0
SMOG 5         339.30899687500000 +58.9363273750000000   0.073000000000000000   Cep  22 37 14.2 +58 56 11     8.8
SMOG 15        339.49862350000000 +59.2868185000000000   0.094000000000000000   Cep  22 37 59.7 +59 17 13    11.3
SMOG 1         339.64235858700000 +58.5581012490000000   0.123000000000000000   Cep  22 38 34.2 +58 33 29    14.8
SFOG 567       339.64648422500000 +58.5602612250000000   0.123088332770603240   Cep  22 38 35.2 +58 33 37    14.8
SMOG 19        340.07035836400000 +59.3580270655000000   0.125000000000000000   Cep  22 40 16.9 +59 21 29    15.0
SFOG 579       340.07441195000007 +59.3560025500000100   0.124613404592972350   Cep  22 40 17.9 +59 21 22    15.0
SMOG 63        340.27120311100000 +59.2904921111000000   0.104000000000000000   Cep  22 41 05.1 +59 17 26    12.5
SFOG 599       340.37186686666670 +58.9188069999999940   0.123602647953025360   Cep  22 41 29.2 +58 55 08    14.8
SMOG 35        340.37177605900000 +58.9210628235000000   0.141000000000000000   Cep  22 41 29.2 +58 55 16    16.9
SMOG 20        340.89016200000000 +60.1956677143000000   0.036000000000000000   Cep  22 43 33.6 +60 11 44     4.3
SFOG 611       341.16232219999990 +58.8377245999999940   0.105895784704834540   Cep  22 44 39.0 +58 50 16    12.7
SMOG 7         341.18572100000000 +61.7164695000000000   0.093000000000000000   Cep  22 44 44.6 +61 42 59    11.2
SMOG 18        341.22352149400000 +58.9823386291000000   0.252000000000000000   Cep  22 44 53.6 +58 58 56    30.2
SFOG 581       341.26928547058820 +59.1727800588235340   0.104693177692021330   Cep  22 45 04.6 +59 10 22    12.6
SMOG 24        341.32963025000000 +59.7952646250000000   0.085000000000000000   Cep  22 45 19.1 +59 47 43    10.2
SMOG 59        341.50084546600000 +62.0927387368000000   0.302000000000000000   Cep  22 46 00.2 +62 05 34    36.2
SFOG 190       341.67177584852070 +62.1004548130177550   0.322197611110021300   Cep  22 46 41.2 +62 06 02    38.7
SFOG 578       341.74322225000003 +59.2270597750000000   0.249671223360346700   Cep  22 46 58.4 +59 13 37    30.0
SMOG 16        341.80811652100000 +59.2233265063000000   0.282000000000000000   Cep  22 47 13.9 +59 13 24    33.8
SFOG 580       341.93935355555560 +59.1717591111111150   0.115317603448037080   Cep  22 47 45.4 +59 10 18    13.8
SMOG 8         341.98351660000000 +59.7509637000000000   0.130000000000000000   Cep  22 47 56.0 +59 45 04    15.6
SMOG 61        342.28616062500000 +61.4324685000000000   0.090000000000000000   Cep  22 49 08.7 +61 25 57    10.8
SMOG 9         342.29655086400000 +61.0738400643000000   0.172000000000000000   Cep  22 49 11.2 +61 04 26    20.6
SFOG 590       342.31395428571426 +61.0812980000000000   0.115461215883306060   Cep  22 49 15.3 +61 04 53    13.9
SMOG 64        342.33829920500000 +59.9204751667000000   0.160000000000000000   Cep  22 49 21.2 +59 55 14    19.2
SFOG 616       342.35601443750000 +59.9358411249999960   0.111148869004604240   Cep  22 49 25.4 +59 56 09    13.3
SFOG 615       342.52631700000000 +59.7710631250000000   0.129534605125421800   Cep  22 50 06.3 +59 46 16    15.5
SFOG 547       342.71205888000000 +61.7650393200000100   0.090364036435956830   Cep  22 50 50.9 +61 45 54    10.8
SFOG 584       342.74416904477610 +59.6465575223880600   0.319985213511892460   Cep  22 50 58.6 +59 38 48    38.4
SFOG 192       342.76389330000000 +62.4151602666666700   0.051286945598398270   Cep  22 51 03.3 +62 24 55     6.2
SFOG 568       343.09601844444450 +59.7075966666666700   0.164311994913644200   Cep  22 52 23.0 +59 42 27    19.7
SMOG 2         343.18979454200000 +59.8527438011000000   0.809000000000000000   Cep  22 52 45.6 +59 51 10    97.1
SFOG 195       343.54042332432430 +60.8223678270270200   0.181509305085146480   Cep  22 54 09.7 +60 49 21    21.8
SFOG 548       343.55865572195120 +59.9159375512195200   0.483282452719150430   Cep  22 54 14.1 +59 54 57    58.0
SMOG 62        343.55900796600000 +60.8049313725000000   0.137000000000000000   Cep  22 54 14.2 +60 48 18    16.4
SFOG 189       343.77182463860670 +62.5356735609579000   0.826194458569691900   Cep  22 55 05.2 +62 32 08    99.1
SFOG 191       344.04662510082640 +62.0367582132231450   0.292285146881007000   Cep  22 56 11.2 +62 02 12    35.1
SFOG 210       344.42490280000000 +62.0326224833333340   0.129399608165756070   Cep  22 57 42.0 +62 01 57    15.5
SFOG 188       345.00103172000000 +60.9115767000000000   0.079853524964453780   Cep  23 00 00.2 +60 54 42     9.6
SFOG 203       345.08145437906970 +62.8043343604651200   0.323294494333715100   Cep  23 00 19.5 +62 48 16    38.8
SFOG 212       345.16778951538460 +61.3159847384615400   0.102073941165237490   Cep  23 00 40.3 +61 18 58    12.2
SFOG 193       345.33172020000006 +60.6349219000000100   0.059298834398324860   Cep  23 01 19.6 +60 38 06     7.1
SMOG 67        345.33826566700000 +60.6042986667000000   0.074000000000000000   Cep  23 01 21.2 +60 36 16     8.9
SFOG 208       345.48114916000000 +62.4276880100000000   0.123394410499423120   Cep  23 01 55.5 +62 25 40    14.8
SFOG 211       345.50569633684205 +61.4216982000000000   0.140910025570399920   Cep  23 02 01.4 +61 25 18    16.9
SFOG 214       345.68173524166670 +61.7289573083333300   0.096344674550528140   Cep  23 02 43.6 +61 43 44    11.6
SFOG 201       345.75647560000004 +61.1251809500000000   0.101549380288594320   Cep  23 03 01.6 +61 07 31    12.2
SFOG 207       345.83083927222220 +62.4738481499999950   0.142357767962445100   Cep  23 03 19.4 +62 28 26    17.1
SFOG 213       345.98530027333334 +61.8121520066666700   0.094915692614549590   Cep  23 03 56.5 +61 48 44    11.4
SMOG 66        346.16385504700000 +60.3617538341000000   0.319000000000000000   Cep  23 04 39.3 +60 21 42    38.3
SFOG 194       346.20609865600000 +60.3362171205714260   0.396300892096508200   Cep  23 04 49.5 +60 20 10    47.6
SFOG 204       346.42255722891565 +62.4953989024096260   0.360139020113064150   Cep  23 05 41.4 +62 29 43    43.2
SFOG 549       346.67558435714284 +60.2871424714285740   0.088676220275578660   Cep  23 06 42.1 +60 17 14    10.6
SFOG 205       347.05165060000000 +62.4626046800000000   0.184751210573841250   Cep  23 08 12.4 +62 27 45    22.2
SFOG 198       347.19924471666667 +61.6161826916666660   0.067022908177922450   Cep  23 08 47.8 +61 36 58     8.0
SFOG 196       347.36368451724130 +60.8664788655172300   0.165736641254167760   Cep  23 09 27.3 +60 51 59    19.9
SFOG 202       348.08872498000000 +60.9737713100000040   0.064656642436777110   Cep  23 12 21.3 +60 58 26     7.8
SFOG 215       348.14636711428570 +62.3404104714285800   0.064739504796145180   Cep  23 12 35.1 +62 20 26     7.8
SFOG 199       348.71244605745727 +61.4780022070904700   0.688319183413387700   Cep  23 14 51.0 +61 28 41    82.6
SFOG 516       297.69277664615390 +32.8235879358974360   0.167092610344785730   Cyg  19 50 46.3 +32 49 25    20.1
SFOG 515       297.71679255263160 +33.0427511526315740   0.059235832430935110   Cyg  19 50 52.0 +33 02 34     7.1
SFOG 505       298.73658285000005 +32.3044850666666700   0.091036674656425330   Cyg  19 54 56.8 +32 18 16    10.9
SFOG 5         299.03477290681820 +30.2488365090909070   0.159447767610375240   Cyg  19 56 08.3 +30 14 56    19.1
SFOG 3         299.12257363809530 +29.8747349619047600   0.154768424836109200   Cyg  19 56 29.4 +29 52 29    18.6
SFOG 8         299.70226142112670 +31.4082925676056300   0.271560711711487930   Cyg  19 58 48.5 +31 24 30    32.6
SFOG 6         299.93295840000000 +30.9002207031250000   0.237030542090347850   Cyg  19 59 43.9 +30 54 01    28.4
SFOG 17        300.00666107142854 +33.4327553571428600   0.086839272020215070   Cyg  20 00 01.6 +33 25 58    10.4
SFOG 4         300.11156602857140 +29.4389493714285700   0.107629092112699570   Cyg  20 00 26.8 +29 26 20    12.9
SFOG 15        300.23046673018865 +33.1419354603773600   0.248570366066114070   Cyg  20 00 55.3 +33 08 31    29.8
SFOG 18        300.38820800163940 +33.5404517508196800   0.220280837201631860   Cyg  20 01 33.2 +33 32 26    26.4
SFOG 11        300.45925518333337 +32.2088897000000000   0.193216948409036940   Cyg  20 01 50.2 +32 12 32    23.2
SFOG 9         300.55811435000000 +31.0439247500000000   0.153837358090454150   Cyg  20 02 13.9 +31 02 38    18.5
SFOG 34        300.58887318066036 +35.5774418292452800   0.334146591538792300   Cyg  20 02 21.3 +35 34 39    40.1
SFOG 16        300.68348859444444 +33.1448854166666600   0.131299211921661550   Cyg  20 02 44.0 +33 08 42    15.8
SFOG 37        300.97708369310345 +35.2741854103448300   0.138723580256763500   Cyg  20 03 54.5 +35 16 27    16.6
SFOG 19        300.99305144166664 +33.4150240166666700   0.157291294699517470   Cyg  20 03 58.3 +33 24 54    18.9
SFOG 7         301.07960395000000 +30.5189899000000000   0.151803283911286780   Cyg  20 04 19.1 +30 31 08    18.2
SFOG 25        301.13569608333340 +34.0075665833333360   0.119047455348696240   Cyg  20 04 32.6 +34 00 27    14.3
SFOG 28        301.25463637500000 +34.1623716250000000   0.093883130679847010   Cyg  20 05 01.1 +34 09 45    11.3
SFOG 42        301.26521058055556 +35.6538516819444500   0.300721101087954900   Cyg  20 05 03.7 +35 39 14    36.1
SFOG 36        301.58661331249994 +34.8560166000000040   0.084953805462149420   Cyg  20 06 20.8 +34 51 22    10.2
SFOG 13        301.70581514545450 +31.7581300636363600   0.091152523327643910   Cyg  20 06 49.4 +31 45 29    10.9
SFOG 33        301.71385299333330 +34.4724424800000050   0.157982234669753170   Cyg  20 06 51.3 +34 28 21    19.0
SFOG 43        301.74755466981130 +35.5654524962264200   0.285853279154260000   Cyg  20 06 59.4 +35 33 56    34.3
SFOG 23        301.75669943333330 +33.4898952958333300   0.134906134335131570   Cyg  20 07 01.6 +33 29 24    16.2
SFOG 35        301.78668376000000 +34.6910796000000000   0.070607359832394660   Cyg  20 07 08.8 +34 41 28     8.5
SFOG 29        301.87684142105270 +33.9452054263157950   0.127976998914788140   Cyg  20 07 30.4 +33 56 43    15.4
SFOG 47        301.91031504285710 +35.7815220285714300   0.072949664372645250   Cyg  20 07 38.5 +35 46 54     8.8
SFOG 39        301.96587405000000 +34.8848352500000000   0.082383086398239270   Cyg  20 07 51.8 +34 53 05     9.9
SFOG 31        302.01397932835830 +34.3995475044776000   0.287298047833606630   Cyg  20 08 03.4 +34 23 58    34.5
SFOG 10        302.02915032000000 +30.9926604900000000   0.084912171877766550   Cyg  20 08 07.0 +30 59 34    10.2
SFOG 50        302.11722997142857 +35.9619672571428500   0.094708950977301360   Cyg  20 08 28.1 +35 57 43    11.4
SFOG 514       302.18194432499996 +30.5042228166666650   0.128638620565084180   Cyg  20 08 43.7 +30 30 15    15.4
SFOG 26        302.19571136250000 +33.5861094874999960   0.083178960574473690   Cyg  20 08 47.0 +33 35 10    10.0
SFOG 32        302.19764850000000 +34.1290920000000000   0.072085825267527330   Cyg  20 08 47.4 +34 07 45     8.7
SFOG 45        302.20184413958333 +35.3536879458333360   0.235929901878201980   Cyg  20 08 48.4 +35 21 13    28.3
SFOG 506       302.22453617500000 +33.7284934500000000   0.051480804753930624   Cyg  20 08 53.9 +33 43 43     6.2
SFOG 48        302.22882185000000 +35.7106707500000000   0.080897627068096800   Cyg  20 08 54.9 +35 42 38     9.7
SFOG 12        302.33371021666670 +31.4190566250000070   0.096667057743684550   Cyg  20 09 20.1 +31 25 09    11.6
SFOG 22        302.39396386666670 +33.1665661333333400   0.163110919959395360   Cyg  20 09 34.6 +33 10 00    19.6
SFOG 41        302.41623936000010 +34.7650777399999950   0.181144526407092140   Cyg  20 09 39.9 +34 45 54    21.7
SFOG 27        302.42275833333340 +33.5181568888888960   0.094770707787259320   Cyg  20 09 41.5 +33 31 05    11.4
SFOG 20        302.43670454615380 +32.8273008884615400   0.201212079014218500   Cyg  20 09 44.8 +32 49 38    24.1
SFOG 14        302.53711273333330 +31.5200045277777750   0.071806073389795610   Cyg  20 10 08.9 +31 31 12     8.6
SFOG 54        302.53830459166664 +36.1375272916666650   0.124437214790854290   Cyg  20 10 09.2 +36 08 15    14.9
SFOG 40        302.74376692000000 +34.5981174450000000   0.162085039859481330   Cyg  20 10 58.5 +34 35 53    19.5
SFOG 52        302.84282399999995 +35.8158291428571400   0.093589379895654560   Cyg  20 11 22.3 +35 48 57    11.2
SFOG 57        302.91255100000006 +36.5073152666666660   0.126683014789869010   Cyg  20 11 39.0 +36 30 26    15.2
SFOG 30        303.00648194117645 +33.5101215117647100   0.171621506475749920   Cyg  20 12 01.6 +33 30 36    20.6
SFOG 21        303.02446082580650 +32.7011514258064500   0.165930411884028930   Cyg  20 12 05.9 +32 42 04    19.9
SFOG 53        303.09016661315790 +35.8806916000000000   0.260656726161539200   Cyg  20 12 21.6 +35 52 51    31.3
SFOG 55        303.13200685263155 +36.3439828631579000   0.143221390445872070   Cyg  20 12 31.7 +36 20 38    17.2
SFOG 60        303.25625146857146 +36.6207510457142860   0.279927154840320300   Cyg  20 13 01.5 +36 37 15    33.6
SFOG 38        303.27037400999995 +34.0321342200000000   0.069830501505430550   Cyg  20 13 04.9 +34 01 56     8.4
SFOG 70        303.30353716666670 +37.1202200833333300   0.127065626455393650   Cyg  20 13 12.8 +37 07 13    15.2
SFOG 76        303.32235508888890 +37.7162464777777800   0.090683509374635230   Cyg  20 13 17.4 +37 42 59    10.9
SFOG 58        303.32875471428576 +36.2839687142857100   0.091184620502871820   Cyg  20 13 18.9 +36 17 02    10.9
SFOG 24        303.42073864705884 +32.7623081764705800   0.118221847517706190   Cyg  20 13 41.0 +32 45 44    14.2
SFOG 62        303.62002830000000 +36.3958504928571400   0.110546782735865860   Cyg  20 14 28.8 +36 23 45    13.3
SFOG 56        303.63911174333333 +36.1183606766666600   0.245697535472469800   Cyg  20 14 33.4 +36 07 06    29.5
SFOG 65        303.67802845555560 +36.7016856296296300   0.200078388340677620   Cyg  20 14 42.7 +36 42 06    24.0
SFOG 44        303.71271103076920 +34.3576303153846100   0.099754723246571060   Cyg  20 14 51.1 +34 21 28    12.0
SFOG 46        303.89902982045453 +34.7460123000000040   0.232271514698328000   Cyg  20 15 35.8 +34 44 46    27.9
SFOG 68        303.94439527777774 +36.6685561111111100   0.177718678905735280   Cyg  20 15 46.7 +36 40 07    21.3
SFOG 64        304.06061410714290 +36.4220611000000000   0.149137694955029300   Cyg  20 16 14.5 +36 25 19    17.9
SFOG 59        304.06394477777775 +35.9723484444444400   0.082157349108281110   Cyg  20 16 15.3 +35 58 21     9.9
SFOG 81        304.08943964545455 +37.6247426909090950   0.125376104830638880   Cyg  20 16 21.5 +37 37 29    15.0
SFOG 72        304.13341893750000 +36.8800539500000040   0.065609074532416560   Cyg  20 16 32.0 +36 52 48     7.9
SFOG 90        304.14447061818180 +38.3583004181818100   0.129280108598556040   Cyg  20 16 34.7 +38 21 30    15.5
SFOG 73        304.18770992352940 +37.0870851705882460   0.161108133262266780   Cyg  20 16 45.1 +37 05 14    19.3
SFOG 538       304.22455512000000 +41.3968915600000000   0.110130461424110330   Cyg  20 16 53.9 +41 23 49    13.2
SFOG 49        304.24867330227270 +34.8541685250000060   0.170995946391281130   Cyg  20 16 59.7 +34 51 15    20.5
SFOG 92        304.30100820980397 +39.0618971333333400   0.258295802064717750   Cyg  20 17 12.2 +39 03 43    31.0
SFOG 97        304.31668667083323 +40.9226745499999960   0.124689732223620300   Cyg  20 17 16.0 +40 55 22    15.0
SFOG 66        304.41456587833335 +36.6737683683333340   0.363061894952154460   Cyg  20 17 39.5 +36 40 26    43.6
SFOG 94        304.44959657631580 +39.3358758782894700   0.333452972793774700   Cyg  20 17 47.9 +39 20 09    40.0
SFOG 75        304.47869794545454 +37.0904088909090900   0.116773947356630730   Cyg  20 17 54.9 +37 05 26    14.0
SFOG 521       304.53497173333330 +40.4430550166666700   0.060554629354414070   Cyg  20 18 08.4 +40 26 35     7.3
SFOG 61        304.58019071967215 +35.9938011377049200   0.285914558226073150   Cyg  20 18 19.2 +35 59 38    34.3
SFOG 539       304.61728752352934 +41.9322778058823600   0.104935282499765750   Cyg  20 18 28.1 +41 55 56    12.6
SFOG 80        304.69224885555553 +37.1656134666666700   0.086043372789523260   Cyg  20 18 46.1 +37 09 56    10.3
SFOG 51        304.69742613571424 +34.7821637357142850   0.123367697038161060   Cyg  20 18 47.4 +34 46 56    14.8
SFOG 95        304.76025928461536 +40.4055170923076800   0.110551404857479470   Cyg  20 19 02.5 +40 24 20    13.3
SFOG 83        304.80422577391300 +37.4077094304347850   0.103279395898936170   Cyg  20 19 13.0 +37 24 28    12.4
SFOG 96        304.81371699556655 +40.9618035832512300   0.561754867380224400   Cyg  20 19 15.3 +40 57 43    67.4
SFOG 87        304.91771776666667 +37.7901175466666640   0.161395542741121920   Cyg  20 19 40.3 +37 47 24    19.4
SFOG 98        304.94339548095240 +40.5900427476190440   0.187610403315649770   Cyg  20 19 46.4 +40 35 24    22.5
SFOG 86        304.96868992500000 +37.5436622999999940   0.082065900229646600   Cyg  20 19 52.5 +37 32 37     9.8
SFOG 74        304.99661808749994 +36.7513075499999900   0.162681068785662200   Cyg  20 19 59.2 +36 45 05    19.5
SFOG 540       305.00036474615390 +42.1741501923076900   0.106666660674663140   Cyg  20 20 00.1 +42 10 27    12.8
SFOG 69        305.00688640000004 +36.1343406000000000   0.072005396860232200   Cyg  20 20 01.7 +36 08 04     8.6
SFOG 522       305.05552465555560 +40.3386032222222200   0.092010136787476500   Cyg  20 20 13.3 +40 20 19    11.0
SFOG 67        305.10626215000000 +35.8998426000000000   0.076325239018623050   Cyg  20 20 25.5 +35 53 59     9.2
SFOG 78        305.15527997222220 +36.8749883833333300   0.160520573009364430   Cyg  20 20 37.3 +36 52 30    19.3
SFOG 91        305.17144787391305 +37.9839514717391300   0.227571123179661520   Cyg  20 20 41.1 +37 59 02    27.3
SFOG 85        305.37096820000005 +37.5003800910447750   0.244709612168587080   Cyg  20 21 29.0 +37 30 01    29.4
SFOG 520       305.39711196222220 +39.9979818244444440   0.299725983838120660   Cyg  20 21 35.3 +39 59 53    36.0
SFOG 525       305.55042446857146 +41.2997985219047700   0.405253059838392100   Cyg  20 22 12.1 +41 17 59    48.6
SFOG 93        305.68249682794760 +38.8384393205240200   0.772744571794544700   Cyg  20 22 43.8 +38 50 18    92.7
SFOG 84        305.69252766666670 +37.1585602666666700   0.164797031073086940   Cyg  20 22 46.2 +37 09 31    19.8
SFOG 63        305.73852677777780 +35.3223533000000000   0.116285144830500330   Cyg  20 22 57.2 +35 19 21    14.0
SFOG 531       305.74400837045450 +41.9530631500000000   0.254919590891386800   Cyg  20 22 58.6 +41 57 11    30.6
SFOG 517       305.84886370666663 +37.5144209500000000   0.211627403673641520   Cyg  20 23 23.7 +37 30 52    25.4
SFOG 77        305.92913818532110 +36.6342394825688100   0.340437919035173560   Cyg  20 23 43.0 +36 38 03    40.9
SFOG 530       305.97845947948724 +41.3745223999999900   0.168726810771599370   Cyg  20 23 54.8 +41 22 28    20.2
SFOG 528       306.00016224444450 +41.0258912666666700   0.074659350230117550   Cyg  20 24 00.0 +41 01 33     9.0
SFOG 71        306.01470876666670 +35.8438220666666700   0.221473139916719880   Cyg  20 24 03.5 +35 50 38    26.6
SFOG 89        306.07967665833330 +37.1775822250000000   0.111747804179423970   Cyg  20 24 19.1 +37 10 39    13.4
SFOG 519       306.13671785454545 +37.8434809272727300   0.078888495923963870   Cyg  20 24 32.8 +37 50 37     9.5
SFOG 536       306.14011473272730 +42.2206735609090900   0.435058559294930000   Cyg  20 24 33.6 +42 13 14    52.2
SFOG 526       306.21853633636360 +40.7631106909090950   0.111937750430432840   Cyg  20 24 52.4 +40 45 47    13.4
SFOG 524       306.28561100000000 +40.4690317400000050   0.094983320976091440   Cyg  20 25 08.5 +40 28 09    11.4
SFOG 88        306.39488196250005 +36.9849720250000000   0.085752832956106700   Cyg  20 25 34.8 +36 59 06    10.3
SFOG 523       306.51385180725003 +39.8768078954999940   0.779990500373121000   Cyg  20 26 03.3 +39 52 37    93.6
SFOG 79        306.57400876666670 +36.1294178047619100   0.119540299390629320   Cyg  20 26 17.8 +36 07 46    14.3
SFOG 529       306.88435671818183 +40.7194117454545400   0.083940842880570730   Cyg  20 27 32.2 +40 43 10    10.1
SFOG 518       306.89912082857140 +37.3310877619047600   0.117004570594627300   Cyg  20 27 35.8 +37 19 52    14.0
SFOG 82        306.91029728000000 +36.1884589400000040   0.144411078191089000   Cyg  20 27 38.5 +36 11 19    17.3
SFOG 105       306.97309354444445 +43.8428085555555600   0.070865039933847500   Cyg  20 27 53.5 +43 50 34     8.5
SFOG 534       307.06052343400000 +41.6986233120000000   0.267302925031880130   Cyg  20 28 14.5 +41 41 55    32.1
SFOG 533       307.16804780000000 +41.2950455444444400   0.088717462024744430   Cyg  20 28 40.3 +41 17 42    10.6
SFOG 532       307.29103840666670 +41.0858040266666650   0.130165778426059170   Cyg  20 29 09.8 +41 05 09    15.6
SFOG 535       307.41726734166670 +41.2950701583333400   0.086614327221668740   Cyg  20 29 40.1 +41 17 42    10.4
SFOG 102       307.42193874285715 +42.7372837857142900   0.121783649744124530   Cyg  20 29 41.3 +42 44 14    14.6
SFOG 99        307.44412782000000 +42.1263958742857200   0.179230060774725100   Cyg  20 29 46.6 +42 07 35    21.5
SFOG 541       307.46437755714290 +43.7786768714285660   0.077232582773243710   Cyg  20 29 51.5 +43 46 43     9.3
SFOG 101       307.75436531111110 +42.3482756055555600   0.155129255197079300   Cyg  20 31 01.0 +42 20 54    18.6
SFOG 103       307.81744329354840 +43.1136823032258100   0.216531266855126400   Cyg  20 31 16.2 +43 06 49    26.0
SFOG 527       307.86660698053940 +40.9315414057803440   0.988888743847898600   Cyg  20 31 28.0 +40 55 54   118.7
SFOG 106       307.99878195853660 +43.7144002353658500   0.319937815116347400   Cyg  20 31 59.7 +43 42 52    38.4
SFOG 100       308.11327187605640 +42.0783247352112700   0.275978297167169600   Cyg  20 32 27.2 +42 04 42    33.1
SFOG 507       308.49703812857143 +43.6235008285714200   0.070647505150570920   Cyg  20 33 59.3 +43 37 25     8.5
SFOG 537       308.80089904838707 +41.5673122193548500   0.156093588067473030   Cyg  20 35 12.2 +41 34 02    18.7
SFOG 107       308.95461390784317 +43.6204088019607850   0.304027484131614200   Cyg  20 35 49.1 +43 37 14    36.5
SFOG 104       309.04965736843525 +42.5350538267985600   1.200122428025206000   Cyg  20 36 11.9 +42 32 06   144.0
SFOG 110       309.29868474545450 +43.8289853909090900   0.112505415415719980   Cyg  20 37 11.7 +43 49 44    13.5
SFOG 112       309.56979700000000 +43.7947072230769300   0.139221511375452080   Cyg  20 38 16.8 +43 47 41    16.7
SFOG 113       309.76396313000000 +43.6678517999999940   0.146139562080226770   Cyg  20 39 03.4 +43 40 04    17.5
SFOG 118       309.98279354166670 +44.6648557333333300   0.073940753899668450   Cyg  20 39 55.9 +44 39 54     8.9
SFOG 543       310.06456765555555 +42.6271530666666650   0.081942124545956340   Cyg  20 40 15.5 +42 37 38     9.8
SFOG 108       310.07219306111114 +42.9075852375000000   0.341522559507367700   Cyg  20 40 17.3 +42 54 27    41.0
SFOG 542       310.24122252352940 +42.4431000411764700   0.149213788378189440   Cyg  20 40 57.9 +42 26 35    17.9
SFOG 126       310.29269758333334 +46.0784761000000100   0.123731436153069140   Cyg  20 41 10.2 +46 04 43    14.8
SFOG 111       310.53443455172413 +43.1962996551723960   0.081098142015038550   Cyg  20 42 08.3 +43 11 47     9.7
SFOG 109       310.58121873333330 +42.8781914283950600   0.206198517335236450   Cyg  20 42 19.5 +42 52 42    24.7
SFOG 117       310.66742604074070 +44.3817457185185160   0.192355788450720430   Cyg  20 42 40.2 +44 22 54    23.1
SFOG 120       310.87564570000000 +44.6542108250000000   0.093147400312630900   Cyg  20 43 30.2 +44 39 15    11.2
SFOG 114       310.88062478235290 +43.1217286235294140   0.149688008913535870   Cyg  20 43 31.4 +43 07 18    18.0
SFOG 121       310.88221355384616 +44.8521477692307700   0.146014289212549550   Cyg  20 43 31.7 +44 51 08    17.5
SFOG 125       311.09372326666664 +45.4728651000000000   0.169170082725336370   Cyg  20 44 22.5 +45 28 22    20.3
SFOG 115       311.12707480000000 +43.2098500181818250   0.088305122818606590   Cyg  20 44 30.5 +43 12 36    10.6
SFOG 119       311.23938074000000 +44.4663162799999940   0.104488804610870470   Cyg  20 44 57.5 +44 27 59    12.5
SFOG 129       311.35472922000000 +46.3200428800000000   0.097963371839935920   Cyg  20 45 25.1 +46 19 12    11.8
SFOG 131       311.56095985161290 +46.6826439129032240   0.167226940988133680   Cyg  20 46 14.6 +46 40 58    20.1
SFOG 130       311.61419437894740 +46.3852542947368400   0.124000559681206900   Cyg  20 46 27.4 +46 23 07    14.9
SFOG 122       311.62915390636360 +44.8516254654545460   0.383398596836579340   Cyg  20 46 31.0 +44 51 06    46.0
SFOG 116       311.67359866774200 +43.7707395935483900   0.221371102735311600   Cyg  20 46 41.7 +43 46 15    26.6
SFOG 128       311.69972335000000 +46.1541690700000000   0.093524244761716130   Cyg  20 46 47.9 +46 09 15    11.2
SFOG 133       311.76815400000000 +47.2479979999999950   0.089138401704869380   Cyg  20 47 04.4 +47 14 53    10.7
SFOG 127       312.10164094000004 +45.1073293266666650   0.117171616035002130   Cyg  20 48 24.4 +45 06 26    14.1
SFOG 124       312.17107008181824 +44.7811529727272800   0.125163277483861550   Cyg  20 48 41.1 +44 46 52    15.0
SFOG 135       312.18920652000010 +47.3712009300000000   0.081718089897521470   Cyg  20 48 45.4 +47 22 16     9.8
SFOG 123       312.64935584746837 +44.7708497405063300   0.416037619862986400   Cyg  20 50 35.8 +44 46 15    49.9
SFOG 136       312.69284280000000 +47.2099918000000000   0.091482554972249080   Cyg  20 50 46.3 +47 12 36    11.0
SFOG 132       313.08429022222225 +46.3006358888888900   0.056624262452144365   Cyg  20 52 20.2 +46 18 02     6.8
SFOG 508       313.18937820000000 +47.4388971800000050   0.071237168474396320   Cyg  20 52 45.5 +47 26 20     8.5
SFOG 140       313.61933343571430 +49.2431399428571500   0.051733610692182400   Cyg  20 54 28.6 +49 14 35     6.2
SFOG 137       314.24595828333330 +46.4230750833333400   0.125119991860802200   Cyg  20 56 59.0 +46 25 23    15.0
SFOG 134       314.40352124444440 +46.2253769805555600   0.226872055181443240   Cyg  20 57 36.8 +46 13 31    27.2
SFOG 138       314.45281780000000 +46.6521573333333350   0.096559531558833570   Cyg  20 57 48.7 +46 39 08    11.6
SFOG 141       314.73679536666670 +48.7682101499999940   0.120130679427443740   Cyg  20 58 56.8 +48 46 06    14.4
SFOG 143       315.59478373333330 +48.9889868416666660   0.146319818568755100   Cyg  21 02 22.7 +48 59 20    17.6
SFOG 139       315.63244178181816 +47.2276865454545460   0.115519644724391660   Cyg  21 02 31.8 +47 13 40    13.9
SFOG 147       315.90888869310340 +50.2311766482758700   0.312331189523658500   Cyg  21 03 38.1 +50 13 52    37.5
SFOG 156       316.31035409130436 +49.7018232086956600   0.150565395799463620   Cyg  21 05 14.5 +49 42 07    18.1
SFOG 142       316.35344417142860 +49.2328605999999950   0.074433907033348730   Cyg  21 05 24.8 +49 13 58     8.9
SFOG 159       316.58393726190474 +51.3648075761904600   0.107325771626620590   Cyg  21 06 20.1 +51 21 53    12.9
SFOG 151       316.72189850000000 +50.0334592000000000   0.061139537690416300   Cyg  21 06 53.3 +50 02 01     7.3
SFOG 149       316.81030148000000 +49.7995980699999900   0.094828782982132740   Cyg  21 07 14.5 +49 47 59    11.4
SFOG 145       317.22179856666670 +50.0386067083333400   0.152880143414704300   Cyg  21 08 53.2 +50 02 19    18.3
SFOG 154       317.35530589999996 +52.3770901305084800   0.210114560443830500   Cyg  21 09 25.3 +52 22 38    25.2
SFOG 146       317.43504250833337 +50.2218627583333400   0.070717216816286790   Cyg  21 09 44.4 +50 13 19     8.5
SFOG 157       318.07147624146340 +52.4711495463414650   0.257862059778591450   Cyg  21 12 17.2 +52 28 16    30.9
SFOG 148       318.28183509999997 +51.2295598888888860   0.085041088194189820   Cyg  21 13 07.6 +51 13 46    10.2
SFOG 160       318.40682721666667 +52.4769077000000000   0.077907567323029300   Cyg  21 13 37.6 +52 28 37     9.3
SFOG 161       318.44839565555554 +52.2174951111111100   0.091124511041199050   Cyg  21 13 47.6 +52 13 03    10.9
SFOG 144       318.49133938333335 +49.9110017833333260   0.090612015744327730   Cyg  21 13 57.9 +49 54 40    10.9
SFOG 152       318.72149266666670 +52.5579548333333260   0.083016142034242240   Cyg  21 14 53.2 +52 33 29    10.0
SFOG 509       318.89161827500000 +52.6944817750000100   0.089960306052173500   Cyg  21 15 34.0 +52 41 40    10.8
SFOG 153       318.94889786470590 +52.2008696941176500   0.158017372242744540   Cyg  21 15 47.7 +52 12 03    19.0
SFOG 162       319.57117108333330 +53.4540899166666700   0.074890645358752960   Cyg  21 18 17.1 +53 27 15     9.0
SFOG 163       319.95476090752690 +51.9084395978494800   0.405952527018244700   Cyg  21 19 49.1 +51 54 30    48.7
SFOG 164       320.49219790909090 +52.1769423909090900   0.138058257218646150   Cyg  21 21 58.1 +52 10 37    16.6
SFOG 165       320.62320175833330 +52.6239193000000040   0.116562488048258210   Cyg  21 22 29.6 +52 37 26    14.0
SFOG 166       320.76928056000000 +52.3900637200000000   0.058909976882101846   Cyg  21 23 04.6 +52 23 24     7.1
SFOG 155       322.85430055238095 +51.3721048714285760   0.166212313574912900   Cyg  21 31 25.0 +51 22 20    19.9
SFOG 150       323.07756980714280 +52.1595536500000000   0.119068410598717450   Cyg  21 32 18.6 +52 09 34    14.3
SFOG 158       323.09833246086950 +51.4361056391304400   0.162962750698738700   Cyg  21 32 23.6 +51 26 10    19.6
SFOG 167       323.95339238947366 +53.9090201526315800   0.170030288406806300   Cyg  21 35 48.8 +53 54 33    20.4
SFOG 173       324.12946425555555 +54.6679945888888950   0.090186863551739290   Cyg  21 36 31.1 +54 40 05    10.8
SFOG 544       324.14447912000000 +52.0443974000000000   0.035911169281054170   Cyg  21 36 34.7 +52 02 40     4.3
SFOG 176       324.63029096428573 +55.2029996571428600   0.176294554907409500   Cyg  21 38 31.3 +55 12 11    21.2
SFOG 545       325.50121385833336 +52.7541608333333400   0.093166997208484590   Cyg  21 42 00.3 +52 45 15    11.2
SFOG 170       325.52007537500000 +54.6951643750000040   0.098171300817754270   Cyg  21 42 04.8 +54 41 43    11.8
SFOG 168       325.66090813513510 +54.8815024486486500   0.176277006447872170   Cyg  21 42 38.6 +54 52 53    21.2
SFOG 169       325.86787965714285 +54.2823704000000000   0.069044193132000400   Cyg  21 43 28.3 +54 16 57     8.3
SFOG 510       325.94560067500000 +53.0954281583333340   0.097853767369800030   Cyg  21 43 46.9 +53 05 44    11.7
SFOG 352       90.403111775000000 +22.6940962750000000   0.043783481385674110   Gem  06 01 36.7 +22 41 39     5.3
SFOG 360       92.277660048366020 +21.6140354836601320   0.355181882169194500   Gem  06 09 06.6 +21 36 51    42.6
SFOG 386       97.782437611111100 +9.85891654999999800   0.207745041532284760   Mon  06 31 07.8 +09 51 32    24.9
SFOG 387       97.977059521367520 +10.3740775572649560   0.398371889379760370   Mon  06 31 54.5 +10 22 27    47.8
SFOG 389       98.547401094748350 +4.38194912822757100   0.817186847695444300   Mon  06 34 11.4 +04 22 55    98.1
SFOG 385       98.677339499999990 +7.69926169999999900   0.093838702689775320   Mon  06 34 42.6 +07 41 57    11.3
SFOG 391       99.177741520000000 +5.60093720000000100   0.053865340976364300   Mon  06 36 42.7 +05 36 03     6.5
SFOG 394       99.235743545454570 +4.39185712727272700   0.064116198830718260   Mon  06 36 56.6 +04 23 31     7.7
SFOG 392       99.315347783333340 +5.96023740000000050   0.092624882599113700   Mon  06 37 15.7 +05 57 37    11.1
SFOG 393       100.65275876666664 +5.05025751111111100   0.061976520949467546   Mon  06 42 36.7 +05 03 01     7.4
SFOG 397       100.89738390000000 +2.17196155000000000   0.067360906067615260   Mon  06 43 35.4 +02 10 19     8.1
SFOG 395       101.44421010229885 +0.26002725517241380   0.419101549489501900   Mon  06 45 46.6 +00 15 36    50.3
SFOG 401       101.73644836875000 +1.32215414583333350   0.147281105869015000   Mon  06 46 56.7 +01 19 20    17.7
SFOG 398       101.78383985000000 +0.11390990000000001   0.051616049086016760   Mon  06 47 08.1 +00 06 50     6.2
SFOG 390       101.84349599166667 +3.24248227500000040   0.107409934691815810   Mon  06 47 22.4 +03 14 33    12.9
SFOG 400       101.95647135806450 -2.12267725161290300   0.141485126575199200   Mon  06 47 49.6 -02 07 22    17.0
SFOG 396       101.96916102499998 -0.01523325000000000   0.154312457511539400   Mon  06 47 52.6 -00 00 55    18.5
SFOG 399       102.09324692272726 -2.64257339090909100   0.109885049607531930   Mon  06 48 22.4 -02 38 33    13.2
SFOG 403       103.27370078999999 -5.41556318999999900   0.082498801294396480   Mon  06 53 05.7 -05 24 56     9.9
SFOG 402       103.38905644444445 -5.21092477777777850   0.079926312540050200   Mon  06 53 33.4 -05 12 39     9.6
SFOG 405       103.64354549999999 -4.52618409565217400   0.115910597717590310   Mon  06 54 34.5 -04 31 34    13.9
SFOG 404       103.69473621111110 -3.89212337777777770   0.052852538638175520   Mon  06 54 46.7 -03 53 32     6.3
SFOG 418       104.19590166666666 -7.36453222222222200   0.079480929615223090   Mon  06 56 47.0 -07 21 52     9.5
SFOG 558       104.30463882500000 -1.21320301666666650   0.087991913685707230   Mon  06 57 13.1 -01 12 48    10.6
SFOG 406       104.58060080833333 -3.99208205833333300   0.086355488142043620   Mon  06 58 19.3 -03 59 32    10.4
SFOG 559       104.62861575312500 -1.61515008125000010   0.115636040038605050   Mon  06 58 30.9 -01 36 55    13.9
SFOG 407       104.81421257857144 -3.92637299523809570   0.180952564682709340   Mon  06 59 15.4 -03 55 35    21.7
SFOG 408       104.83514839324323 -4.82247103513513500   0.227935107357885250   Mon  06 59 20.4 -04 49 21    27.4
SFOG 409       104.84835947058824 -4.25581123529411800   0.068845115040939260   Mon  06 59 23.6 -04 15 21     8.3
SFOG 416       104.87397161714287 -7.77280345285714300   0.227267956747093130   Mon  06 59 29.8 -07 46 22    27.3
SFOG 420       105.16867480841123 -8.96273470934579200   0.315906595686968300   Mon  07 00 40.5 -08 57 46    37.9
SFOG 412       105.18747533750000 -3.85617709583333500   0.091227614576125500   Mon  07 00 45.0 -03 51 22    10.9
SFOG 410       105.23739310000000 -3.45006407600000030   0.219993659230351970   Mon  07 00 57.0 -03 27 00    26.4
SFOG 411       105.28945500000000 -3.62240559999999960   0.061800416543902406   Mon  07 01 09.5 -03 37 21     7.4
SFOG 414       105.77450082727273 -6.98517611818181800   0.086372612353135670   Mon  07 03 05.9 -06 59 07    10.4
SFOG 560       105.84132019090909 -10.7146557000000000   0.013220107407372016   Mon  07 03 21.9 -10 42 53     1.6
SFOG 421       105.86402401111111 -9.36116427777778000   0.108667752569472740   Mon  07 03 27.4 -09 21 40    13.0
SFOG 417       106.23774353102192 -10.7506427762773720   0.648519964087843600   Mon  07 04 57.1 -10 45 02    77.8
SFOG 415       106.56398213333333 -9.97650410000000100   0.015426892833623784   Mon  07 06 15.4 -09 58 35     1.9
SFOG 413       107.24351738597285 -10.5482534438914030   0.428731279699181570   Mon  07 08 58.4 -10 32 54    51.4
SFOG 353       88.974169345454560 +22.5428079454545450   0.097877250083969620   Ori  05 55 53.8 +22 32 34    11.7
SFOG 557       89.988049962500000 +20.5834034124999970   0.086514059330560470   Ori  05 59 57.1 +20 35 00    10.4
SFOG 355       90.486806980000000 +20.1649693000000000   0.081260935193363140   Ori  06 01 56.8 +20 09 54     9.8
SFOG 354       90.542404965384620 +20.4528478307692260   0.123753448369123800   Ori  06 02 10.2 +20 27 10    14.9
SFOG 376       91.688491788888900 +18.3330349666666660   0.024194423184896726   Ori  06 06 45.2 +18 19 59     2.9
SFOG 356       91.696041500000000 +20.6620722250000030   0.061390390458198900   Ori  06 06 47.1 +20 39 44     7.4
SFOG 372       92.232722576923070 +16.8879673384615400   0.087562612738900500   Ori  06 08 55.9 +16 53 17    10.5
SFOG 357       92.373102351181100 +20.5895936259842540   0.597392024767025800   Ori  06 09 29.5 +20 35 23    71.7
SFOG 359       92.408922457894730 +20.9898896131578920   0.187249066973640380   Ori  06 09 38.1 +20 59 24    22.5
SFOG 364       92.413572950000000 +19.3840134708333340   0.107660300650935110   Ori  06 09 39.3 +19 23 02    12.9
SFOG 370       92.621602694230760 +16.7020226615384570   0.136898114605349300   Ori  06 10 29.2 +16 42 07    16.4
SFOG 365       92.748431660606060 +19.6941705878787870   0.188649521975141500   Ori  06 10 59.6 +19 41 39    22.6
SFOG 362       92.793275922222220 +20.0963081000000000   0.074431573626384400   Ori  06 11 10.4 +20 05 47     8.9
SFOG 371       92.878838022222230 +16.4507097555555570   0.129816080240471030   Ori  06 11 30.9 +16 27 03    15.6
SFOG 361       93.008865107407400 +20.2381706925925930   0.142802252409581600   Ori  06 12 02.1 +20 14 17    17.1
SFOG 363       93.298483844927520 +15.4081898550724660   0.191789080982207650   Ori  06 13 11.6 +15 24 30    23.0
SFOG 375       93.322800176388900 +17.9031270402777770   0.422414351896338970   Ori  06 13 17.5 +17 54 11    50.7
SFOG 374       93.381250380000010 +16.0287790949999970   0.147505136846147020   Ori  06 13 31.5 +16 01 44    17.7
SFOG 373       93.493496709999990 +18.8169640700000000   0.082032982313349550   Ori  06 13 58.4 +18 49 01     9.8
SFOG 367       93.546553555555550 +16.7456583333333400   0.116715973906744470   Ori  06 14 11.2 +16 44 44    14.0
SFOG 379       93.636648252941190 +13.8550142117647060   0.070492226060785170   Ori  06 14 32.8 +13 51 18     8.5
SFOG 366       93.742916880000010 +19.0238737547368400   0.228622027632581350   Ori  06 14 58.3 +19 01 26    27.4
SFOG 369       93.766514514285720 +16.6427503142857130   0.064151145718529840   Ori  06 15 04.0 +16 38 34     7.7
SFOG 384       93.941072310000000 +14.3202367533333350   0.153109884230244700   Ori  06 15 45.9 +14 19 13    18.4
SFOG 382       94.040257670833330 +13.7187491375000030   0.162790821929550500   Ori  06 16 09.7 +13 43 08    19.5
SFOG 368       94.214606700000000 +16.3876602236842100   0.169500230608986060   Ori  06 16 51.5 +16 23 16    20.3
SFOG 381       94.340916007692300 +14.8266190846153820   0.089932726037296610   Ori  06 17 21.8 +14 49 36    10.8
SFOG 378       94.644835947058820 +15.4542060352941190   0.126813603743841120   Ori  06 18 34.8 +15 27 15    15.2
SFOG 377       94.679599069230760 +15.1865881769230760   0.286881327785897400   Ori  06 18 43.1 +15 11 12    34.4
SFOG 383       95.417973283333350 +15.3231806666666660   0.082558333619324900   Ori  06 21 40.3 +15 19 24     9.9
SFOG 388       95.454462900000010 +10.6933746555555550   0.072500250516807820   Ori  06 21 49.1 +10 41 36     8.7
SFOG 380       95.968725676190490 +14.4650903095238110   0.047674108135337880   Ori  06 23 52.5 +14 27 54     5.7
SFOG 285       47.548229257142860 +57.2733751857142800   0.077160535800369650   Per  03 10 11.6 +57 16 24     9.3
SFOG 301       61.189231800980380 +51.4468315127450900   0.421359058956251250   Per  04 04 45.4 +51 26 49    50.6
SFOG 296       61.837388285294125 +51.2971566117647100   0.180116199769067120   Per  04 07 21.0 +51 17 50    21.6
SFOG 297       61.867753287500000 +51.0177153750000000   0.078977381879244330   Per  04 07 28.3 +51 01 04     9.5
SFOG 302       62.575305663636364 +51.0168935090909000   0.131518224396848800   Per  04 10 18.1 +51 01 01    15.8
SFOG 303       62.781468627272740 +51.1588387909090900   0.104452125504938880   Per  04 11 07.6 +51 09 32    12.5
SFOG 299       63.810874388888884 +52.3372564555555500   0.085318336027490740   Per  04 15 14.6 +52 20 14    10.2
SFOG 300       64.852282162500000 +51.2599981500000000   0.084819060726344040   Per  04 19 24.5 +51 15 36    10.2
SFOG 298       65.518177930769230 +50.5951967307692300   0.084591894743234970   Per  04 22 04.4 +50 35 43    10.2
SFOG 295       65.618697212903230 +51.8664187967741900   0.107212715451572250   Per  04 22 28.5 +51 51 59    12.9
SFOG 307       67.364068131578950 +48.5722744157894700   0.117138756109206000   Per  04 29 27.4 +48 34 20    14.1
SFOG 306       68.079308190000020 +48.5833356449999900   0.178013186020026080   Per  04 32 19.0 +48 35 00    21.4
SFOG 304       69.414288380000000 +48.9935443699999950   0.076440931109470060   Per  04 37 39.4 +48 59 37     9.2
SFOG 305       70.104215780000000 +47.3794982933333340   0.072223933728127120   Per  04 40 25.0 +47 22 46     8.7
SFOG 427       111.92417785555556 -16.9300304777777770   0.071683479549566800   Pup  07 27 41.8 -16 55 48     8.6
SFOG 439       111.92750836500000 -20.3356511500000000   0.143731561590524200   Pup  07 27 42.6 -20 20 08    17.2
SFOG 435       112.06999784090908 -22.0119662545454560   0.229649090558832340   Pup  07 28 16.8 -22 00 43    27.6
SFOG 434       112.19495521111111 -21.5220882666666640   0.085443479891459740   Pup  07 28 46.8 -21 31 20    10.3
SFOG 431       112.24712057500000 -18.3958745000000000   0.023934190293385430   Pup  07 28 59.3 -18 23 45     2.9
SFOG 432       112.37987618666666 -17.5214023733333340   0.111952200705859890   Pup  07 29 31.2 -17 31 17    13.4
SFOG 428       112.51514106285714 -18.5410151885714300   0.140841115951624570   Pup  07 30 03.6 -18 32 28    16.9
SFOG 430       112.59914556666666 -19.5249973555555560   0.065962875733344170   Pup  07 30 23.8 -19 31 30     7.9
SFOG 429       112.82560618109453 -19.2086266492537300   0.531562313856523100   Pup  07 31 18.1 -19 12 31    63.8
SFOG 442       113.32324511923076 -22.1302827615384640   0.211132940793220060   Pup  07 33 17.6 -22 07 49    25.3
SFOG 437       113.58466800000000 -22.6146685714285740   0.071669619988180750   Pup  07 34 20.3 -22 36 53     8.6
SFOG 438       113.86338767037036 -22.3893026037037050   0.093005068275872350   Pup  07 35 27.2 -22 23 22    11.2
SFOG 440       113.87053940769230 -23.8610444692307660   0.051205804143666750   Pup  07 35 28.9 -23 51 40     6.1
SFOG 441       113.90989365454547 -23.4942294500000020   0.146954731449009060   Pup  07 35 38.4 -23 29 39    17.6
SFOG 433       113.99631255000000 -24.1071493785714280   0.112161486733414960   Pup  07 35 59.1 -24 06 26    13.5
SFOG 436       114.23023626000000 -24.6552977900000000   0.103760748614296220   Pup  07 36 55.3 -24 39 19    12.5
SFOG 446       115.46269585714286 -25.3664584285714300   0.090937504699651060   Pup  07 41 51.0 -25 21 59    10.9
SFOG 448       116.00969705555556 -25.3509312333333300   0.050340742011315526   Pup  07 44 02.3 -25 21 03     6.0
SFOG 443       116.22383650625000 -24.1128794750000000   0.109069979575041900   Pup  07 44 53.7 -24 06 46    13.1
SFOG 447       116.26587649142856 -25.5691256857142870   0.209957289801998320   Pup  07 45 03.8 -25 34 09    25.2
SFOG 449       116.76230475555556 -26.5075241555555540   0.071494199454220110   Pup  07 47 03.0 -26 30 27     8.6
SFOG 450       117.14107943448276 -26.6825517758620660   0.079638502249223450   Pup  07 48 33.9 -26 40 57     9.6
SFOG 445       117.17173618888887 -27.3678307777777800   0.052634656814686660   Pup  07 48 41.2 -27 22 04     6.3
SFOG 444       117.24329890666668 -25.7790205799999970   0.103203921491481480   Pup  07 48 58.4 -25 46 45    12.4
SFOG 513       118.01180403750000 -28.7706747250000000   0.098716181599991570   Pup  07 52 02.8 -28 46 14    11.8
SFOG 452       119.85353544545454 -30.7349339545454540   0.074829422330054030   Pup  07 59 24.8 -30 44 06     9.0
SFOG 463       120.65696211000002 -34.5332921100000050   0.069082731159822230   Pup  08 02 37.7 -34 32 00     8.3
SFOG 451       121.15110138461537 -31.5263241538461540   0.047691248067647960   Pup  08 04 36.3 -31 31 35     5.7
SFOG 456       121.85207802142858 -35.9438768500000000   0.096409610056387250   Pup  08 07 24.5 -35 56 38    11.6
SFOG 464       121.87755214666666 -35.3508208199999960   0.111450647360165470   Pup  08 07 30.6 -35 21 03    13.4
SFOG 459       122.00388466666668 -34.8792718333333300   0.101710209896792690   Pup  08 08 00.9 -34 52 45    12.2
SFOG 565       122.33015372222222 -38.6562857000000000   0.038065804287044064   Pup  08 09 19.2 -38 39 23     4.6
SFOG 564       122.40672683333332 -38.1875291000000000   0.068660365792881080   Pup  08 09 37.6 -38 11 15     8.2
SFOG 458       122.69036206444444 -36.0624248888888840   0.070330592975249340   Pup  08 10 45.7 -36 03 45     8.4
SFOG 457       122.91372413333332 -36.0836710000000000   0.155593252582658270   Pup  08 11 39.3 -36 05 01    18.7
SFOG 466       123.49085939999999 -35.4577263666666700   0.143582286961166200   Pup  08 13 57.8 -35 27 28    17.2
SFOG 462       123.52994766666667 -36.1524350666666600   0.106999063930484290   Pup  08 14 07.2 -36 09 09    12.8
SFOG 465       123.70822336363636 -35.9102759090909060   0.064614696789895500   Pup  08 14 50.0 -35 54 37     7.8
SFOG 467       123.72224810625000 -35.5379742500000000   0.093563918483570430   Pup  08 14 53.3 -35 32 17    11.2
SFOG 461       123.86672854761908 -36.0435909285714200   0.171140984711347100   Pup  08 15 28.0 -36 02 37    20.5
SFOG 460       123.99337336923077 -36.1395439076923100   0.033070955792053255   Pup  08 15 58.4 -36 08 22     4.0
SFOG 454       124.19910625000000 -36.2654570000000000   0.077166125335213280   Pup  08 16 47.8 -36 15 56     9.3
SFOG 469       124.26019450000001 -39.8998081999999950   0.066976158414766050   Pup  08 17 02.4 -39 53 59     8.0
SFOG 453       124.36227781675977 -35.8071812391061500   0.615511085377068900   Pup  08 17 26.9 -35 48 26    73.9
SFOG 455       124.50937159999998 -35.5554063999999950   0.089495440654818400   Pup  08 18 02.2 -35 33 20    10.7
SFOG 470       124.52498537500000 -39.6910271250000000   0.074710873748403630   Pup  08 18 06.0 -39 41 28     9.0
SFOG 472       124.55609826874999 -38.3786698500000000   0.114634476507944090   Pup  08 18 13.5 -38 22 43    13.8
SFOG 474       125.31655017222222 -40.0235283833333360   0.153394465162532220   Pup  08 21 16.0 -40 01 25    18.4
SFOG 481       125.58788120000000 -41.5859161000000000   0.067472026507283100   Pup  08 22 21.1 -41 35 09     8.1
SFOG 479       125.66742315833335 -42.1058818208333250   0.328598704921742370   Pup  08 22 40.2 -42 06 21    39.4
SFOG 478       125.76010893684213 -41.8247380263157850   0.184276556291929400   Pup  08 23 02.4 -41 49 29    22.1
SFOG 483       125.97678280952381 -42.3893870333333400   0.109223786424932940   Pup  08 23 54.4 -42 23 22    13.1
SFOG 468       126.21343455128208 -42.0277551512820600   0.181372462977436140   Pup  08 24 51.2 -42 01 40    21.8
SFOG 476       126.22920973478261 -40.9564243956521800   0.185711396424667200   Pup  08 24 55.0 -40 57 23    22.3
SFOG 562       126.34158362727273 -38.1949828181818100   0.124913449506101250   Pup  08 25 22.0 -38 11 42    15.0
SFOG 480       126.43126671428571 -40.6979071428571500   0.047864917930565666   Pup  08 25 43.5 -40 41 53     5.7
SFOG 477       126.54848523703703 -40.8447141518518600   0.088775744357622850   Pup  08 26 11.6 -40 50 41    10.7
SFOG 348       87.235603241176450 +26.8857197470588250   0.267569671157345260   Tau  05 48 56.5 +26 53 09    32.1
SFOG 349       87.441726813333330 +27.0997930533333320   0.052545561632264150   Tau  05 49 46.0 +27 05 59     6.3
SFOG 346       87.807265939622640 +25.7604104566037720   0.146108855955067420   Tau  05 51 13.7 +25 45 38    17.5
SFOG 351       87.855136290625000 +27.4530873687500000   0.160511735723592420   Tau  05 51 25.2 +27 27 11    19.3
SFOG 350       88.014029275000000 +27.3993524416666650   0.030408649192007673   Tau  05 52 03.4 +27 23 58     3.6
SFOG 347       88.043532525757570 +27.0060188848484830   0.120370871642646050   Tau  05 52 10.4 +27 00 22    14.4
SFOG 556       88.180569872727280 +26.3520404090909080   0.032461804587276100   Tau  05 52 43.3 +26 21 07     3.9
SFOG 358       90.168911750000000 +24.8353287500000020   0.092438565362354300   Tau  06 00 40.5 +24 50 07    11.1
SFOG 485       126.62151539000001 -42.5178079700000000   0.074117031168618730   Vel  08 26 29.2 -42 31 04     8.9
SFOG 482       126.70005487000000 -41.1041279899999950   0.103553948758728520   Vel  08 26 48.0 -41 06 15    12.4
SFOG 475       127.09490214285714 -41.1624318571428560   0.072197041741682260   Vel  08 28 22.8 -41 09 45     8.7
SFOG 489       127.28095918695651 -42.5886865347826100   0.213067056732145380   Vel  08 29 07.4 -42 35 19    25.6
SFOG 471       127.31615404545455 -41.1731761909090800   0.142638378497865230   Vel  08 29 15.9 -41 10 23    17.1
SFOG 501       127.49064483333333 -42.9487669428571400   0.143469202842452740   Vel  08 29 57.8 -42 56 56    17.2
SFOG 502       127.53330171666668 -43.4483905466666660   0.145301890924549260   Vel  08 30 08.0 -43 26 54    17.4
SFOG 495       127.56831112631579 -44.4575164157894700   0.114349121817409920   Vel  08 30 16.4 -44 27 27    13.7
SFOG 473       127.61663008000001 -40.8979895000000000   0.064958844266966020   Vel  08 30 28.0 -40 53 53     7.8
SFOG 484       128.00944652857143 -42.0246798142857100   0.058156973687597170   Vel  08 32 02.3 -42 01 29     7.0
SFOG 497       128.03055716333336 -43.2870455033333240   0.189027034454073120   Vel  08 32 07.3 -43 17 13    22.7
SFOG 498       128.11481970000000 -43.5638800700000000   0.066631434578579220   Vel  08 32 27.6 -43 33 50     8.0
SFOG 491       128.37373860909090 -42.9541276909091000   0.104480289577741200   Vel  08 33 29.7 -42 57 15    12.5
SFOG 499       128.56230183333332 -44.4856982500000060   0.048095112230879890   Vel  08 34 15.0 -44 29 09     5.8
SFOG 486       128.60927861875000 -42.5675547125000000   0.112559631507038280   Vel  08 34 26.2 -42 34 03    13.5
SFOG 490       128.66707409565217 -43.4140219500000000   0.195024832619470120   Vel  08 34 40.1 -43 24 51    23.4
SFOG 563       128.87506595714288 -40.6182356714285700   0.099560111260298180   Vel  08 35 30.0 -40 37 06    11.9
SFOG 493       128.91097482222222 -42.6327927111111150   0.053055604812309810   Vel  08 35 38.6 -42 37 58     6.4
SFOG 487       128.91989671428573 -42.1066346000000000   0.104318228120729510   Vel  08 35 40.8 -42 06 24    12.5
SFOG 494       130.62448756999999 -44.7440858500000000   0.113078482842666620   Vel  08 42 29.9 -44 44 39    13.6
SFOG 504       130.85329478750000 -46.1391985937500000   0.112721551405432120   Vel  08 43 24.8 -46 08 21    13.5
SFOG 503       131.11662623076924 -46.1222362692307750   0.182360799738461620   Vel  08 44 28.0 -46 07 20    21.9
SFOG 496       131.19008561875000 -45.1435827312499900   0.134791665262546430   Vel  08 44 45.6 -45 08 37    16.2
SFOG 488       131.39109548947368 -43.8747790631578900   0.128634196915125760   Vel  08 45 33.9 -43 52 29    15.4
SFOG 492       131.63614962083335 -43.9194970583333300   0.097007472573115650   Vel  08 46 32.7 -43 55 10    11.6
SFOG 500       131.69489497142860 -45.0233399142857100   0.092749142651031200   Vel  08 46 46.8 -45 01 24    11.1
SFOG 2         298.50850221818183 +28.8396664363636400   0.082401541383310000   Vul  19 54 02.0 +28 50 23     9.9
SFOG 0         298.58578012500004 +28.3111678750000020   0.088393373836790750   Vul  19 54 20.6 +28 18 40    10.6
SFOG 1         298.90323945217386 +28.3873172304347820   0.201290240688204840   Vul  19 55 36.8 +28 23 14    24.2
