[HLL2011] C 1                    EGC   19 40 11.77 -15 21 47.30
[HLL2011] C 2          1739.06   EGC   19 43 04.39 -14 58 21.50
N6822 cand 1               #     OC?   19 43 33.82 -14 34 43.60
N6822-GALEX-Assoc                OB?   19 43 34.00 -14 33 36.00
N6822 cand 2               #     OC?   19 43 35.52 -14 34 14.40
[HFV2013] SC 5         1128.15   EGC   19 43 42.30 -14 41 59.70
[HP2009] PN 6           840.44   PN    19 44 02.29 -14 42 43.30
[HP2009] HII 10         641.87   HII   19 44 13.81 -14 44 46.90
[BHD2006] 35            595.93   HII   19 44 15.64 -14 46 15.51
[HKL88] 1               370.21   HII   19 44 30.70 -14 47 34.00
[HP2009] HII 1          525.25   HII   19 44 30.74 -14 41 37.80
[HP2009] HII 16    * =  368.85   HII   19 44 30.88 -14 48 26.30
[BHD2006] 10         =  368.24   HII   19 44 30.91 -14 48 23.86
[HP2009] PN 13          363.37   PN    19 44 31.27 -14 47 14.90
[H77] C 1               358.65   OC    19 44 31.48 -14 48 02.10
[BHD2006] 6          =  503.74   HII   19 44 31.52 -14 41 56.92
[GSK2010] 26         =  502.73   OC    19 44 31.52 -14 41 58.40
[H77] HII 2        * =  500.89   HII   19 44 31.79 -14 41 57.00
[BHD2006] 7          =  405.42   HII   19 44 31.88 -14 44 31.44
[HKL88] 2          * =  404.12   HII   19 44 32.00 -14 44 31.00
KD D2                =  397.50   ISM   19 44 32.10 -14 44 42.00
[H77] C 1                        OC    19 44 32.30 -14 47 56.50
[HP2009] HII 3          474.37   HII   19 44 32.54 -14 42 23.80
[HKL88] 3               439.27   HII   19 44 32.60 -14 43 16.00
[BHD2006] 9             339.61   HII   19 44 32.84 -14 47 27.93
[HP2009] HII 14         337.17   HII   19 44 32.99 -14 47 31.60
[HKL88] 4               411.21   HII   19 44 33.60 -14 43 43.00
KD D5                   453.47   HII   19 44 34.00 -14 42 32.00
[BHD2006] 5             461.97   HII   19 44 34.27 -14 42 16.26
MCG-02-50-003           457.96   HII   19 44 34.38 -14 42 20.30
KD D6                   446.02   HII   19 44 34.80 -14 42 31.00
KD S7                   522.40   HII   19 44 35.00 -14 40 49.00
[HP2009] PN 1           517.36   PN?   19 44 35.45 -14 40 50.50
[H77] Ass 4                      OB    19 44 37.80 -14 50 57.00
[HKL88] 5               415.98   HII   19 44 37.90 -14 42 31.00
KD D9                   322.12   HII   19 44 38.00 -14 50 56.00
KD D7                   329.74   HII   19 44 38.00 -14 51 09.00
[BHD2006] 12            323.06   HII   19 44 38.20 -14 51 01.75
[H77] C 2                        OC    19 44 38.60 -14 50 22.00
KD D8                   350.12   HII   19 44 38.60 -14 51 51.00
[H77] Ass 1                      OB    19 44 38.70 -14 47 10.00
[JSR2019] Spitzer III   331.84   SFR   19 44 39.00 -14 51 31.00
[HKL88] 6               333.03   HII   19 44 39.00 -14 51 32.00
[BHD2006] 36            375.30   HII   19 44 39.34 -14 43 06.57
[HKL88] 7               344.26   HII   19 44 39.50 -14 51 56.00
[HKL88] 8               337.40   HII   19 44 40.40 -14 51 59.00
[HKL88] 9               310.87   HII   19 44 40.50 -14 51 23.00
[H77] Ass 3                      OB    19 44 40.80 -14 46 46.00
[H77] C 3                        OC    19 44 41.60 -14 52 18.00
[H77] C 4                        OC    19 44 42.10 -14 53 06.00
[BHD2006] 27            238.17   HII   19 44 42.57 -14 50 04.17
KD S10                  254.86   HII   19 44 42.57 -14 50 32.20
[HKL88] 10              248.00   HII   19 44 43.00 -14 50 29.00
[HKL88] 11              212.13   HII   19 44 44.20 -14 45 50.00
[HP2009] PN 23          246.65   PN    19 44 44.22 -14 50 46.40
[HKL88] 12              192.06   HII   19 44 44.30 -14 46 27.00
[H77] C 5                        OC    19 44 45.20 -14 43 25.00
[HP2009] PN 24          324.49   PN    19 44 45.59 -14 52 37.00
[GSK2010] 36            261.37   OC    19 44 45.65 -14 51 23.30
[H77] C 6                        OC    19 44 45.90 -14 47 44.00
[GSK2010] 42            273.59   OC    19 44 46.25 -14 51 43.80
[HKL88] 13              277.35   HII   19 44 46.30 -14 43 54.00
[HKL88] 14              206.85   HII   19 44 46.40 -14 45 21.00
[HKL88] 15              283.96   HII   19 44 46.70 -14 43 43.00
[HKL88] 16              267.50   HII   19 44 46.70 -14 44 02.00
[HKL88] 17              249.83   HII   19 44 46.90 -14 44 21.00
[HKL88] 18              219.42   HII   19 44 47.10 -14 44 56.00
[HKL88] 19              298.91   HII   19 44 47.40 -14 43 21.00
[HKL88] 20              246.84   HII   19 44 47.40 -14 44 20.00
[HKL88] 21              226.73   HII   19 44 47.70 -14 44 41.00
[H77] C 7                        OC    19 44 47.70 -14 45 03.00
[HKL88] 22              185.25   HII   19 44 47.70 -14 45 33.00
[HKL88] 23              135.07   HII   19 44 47.90 -14 46 50.00
[HKL88] 109             303.56   HII   19 44 48.00 -14 43 12.00
[HKL88] 25              369.85   HII   19 44 48.10 -14 53 42.00
[BHD2006] 3             243.39   HII   19 44 48.13 -14 44 17.87
[HKL88] 110             292.30   HII   19 44 48.20 -14 43 23.00
KD D10                  241.43   HII   19 44 48.40 -14 44 18.00
KD D11                  148.55   HII   19 44 48.40 -14 46 15.00
[HKL88] 26              313.79   HII   19 44 48.40 -14 52 44.00
[HP2009] HII 8          258.67   HII   19 44 48.41 -14 43 58.60
KD S9                   261.29   HII   19 44 48.42 -14 43 55.62
[HKL88] 27              192.08   HII   19 44 48.50 -14 45 15.00
[BHD2006] 8             148.89   HII   19 44 48.54 -14 46 12.09
[GSK2010] 35            169.79   OC    19 44 48.55 -14 45 42.70
[BSM2001] LB-f1-709     239.23   PN?   19 44 48.59 -14 44 19.04
[HKL88] 28              171.42   HII   19 44 48.60 -14 45 40.00
[RHH2007] C             296.07   HII   19 44 48.67 -14 52 26.50
[HP2009] HII 13         145.37   HII   19 44 48.69 -14 46 15.00
[HKL88] 30              320.71   HII   19 44 48.70 -14 52 53.00
[GSK2010] 10            258.47   OC    19 44 48.71 -14 43 56.80
[HKL88] 31              164.21   HII   19 44 48.80 -14 45 47.00
[BHD2006] 24            191.32   HII   19 44 48.84 -14 45 12.48
[HKL88] 32              268.43   HII   19 44 49.00 -14 43 44.00
[HKL88] 33              258.33   HII   19 44 49.00 -14 43 55.00
[HKL88] 34              173.28   HII   19 44 49.00 -14 45 33.00
[BHD2006] 26            192.91   HII   19 44 49.00 -14 50 33.50
[HKL88] 35              276.20   HII   19 44 49.10 -14 43 35.00
[HKL88] 36              226.99   HII   19 44 49.10 -14 44 29.00
[HP2009] PN 7           308.34   PN    19 44 49.11 -14 43 00.60
[GSK2010] 38            170.33   OC    19 44 49.18 -14 45 34.80
KD S12                  287.99   HII   19 44 49.25 -14 43 21.51
[H77] C 9               288.18   OC    19 44 49.27 -14 43 21.20
[HKL88] 37              161.13   HII   19 44 49.30 -14 45 45.00
[HKL88] 38              134.11   HII   19 44 49.30 -14 46 22.00
[HP2009] PN 16           97.63   PN    19 44 49.52 -14 48 03.50
[LCM2005] PN 14         124.84   PN?   19 44 49.59 -14 46 31.30
[HKL88] 40              227.72   HII   19 44 49.70 -14 44 24.00
[HKL88] 41              170.68   HII   19 44 49.70 -14 45 29.00
[HKL88] 39              298.00   HII   19 44 49.70 -14 52 34.00
KD S15                  320.44   HII   19 44 49.80 -14 52 58.00
[HKL88] 42              262.64   HII   19 44 50.10 -14 43 44.00
KD D13                  319.20   HII   19 44 50.10 -14 52 58.00
[HKL88] 43              190.34   HII   19 44 50.20 -14 45 02.00
[HKL88] 44              236.32   HII   19 44 50.30 -14 44 11.00
[BHD2006] 19            312.23   HII   19 44 50.33 -14 52 51.70
[HKL88] 45              321.89   HII   19 44 50.40 -14 53 02.00
[RHH2007] B             308.70   HII   19 44 50.57 -14 52 49.00
[HP2009] HII 19         290.10   HII   19 44 50.60 -14 52 29.80
KD D14                  307.83   HII   19 44 50.80 -14 52 49.00
KD S17                  310.73   HII   19 44 50.80 -14 52 52.00
[HP2009] HII 20         312.18   HII   19 44 50.80 -14 52 53.50
[HKL88] 46              328.18   HII   19 44 50.80 -14 53 10.00
[HKL88] 29              344.72   HII   19 44 50.80 -14 53 27.00
[HP2009] PN 21          112.75   PN    19 44 50.90 -14 49 13.80
KD D15                  314.25   HII   19 44 50.90 -14 52 56.00
[HKL88] 47              317.44   HII   19 44 51.10 -14 53 00.00
[HKL88] 48              311.27   HII   19 44 51.20 -14 52 54.00
[H69] 9                 306.07   HII   19 44 51.30 -14 52 49.00
[GSK2010] 21            150.78   OC    19 44 51.49 -14 45 36.90
[HKL88] 49              187.14   HII   19 44 51.50 -14 44 57.00
KD D17                  303.46   HII   19 44 51.50 -14 52 47.00
[HKL88] 50              310.54   HII   19 44 51.60 -14 42 48.00
[HKL88] 51              212.55   HII   19 44 51.70 -14 44 29.00
[GSK2010] 25            180.92   OC    19 44 51.76 -14 50 40.40
[HP2009] PN 18           68.44   PN    19 44 51.79 -14 48 15.70
[HKL88] 53              250.55   HII   19 44 51.80 -14 43 49.00
[HKL88] 52              296.65   HII   19 44 51.80 -14 52 41.00
[HKL88] 54              309.75   HII   19 44 52.00 -14 52 55.00
[HP2009] PN 5           338.76   PN    19 44 52.02 -14 42 18.00
[HP2009] HII 6          299.04   HII   19 44 52.14 -14 42 58.10
[BHD2006] 20            250.46   HII   19 44 52.14 -14 51 54.76
[H25] IV                253.60   HII   19 44 52.18 -14 51 58.10
[HP2009] HII 5          305.94   HII   19 44 52.31 -14 42 50.60
[HKL88] 55              231.59   HII   19 44 52.50 -14 44 06.00
KD D18                  252.47   HII   19 44 52.50 -14 51 58.00
[BHD2006] 15             68.12   HII   19 44 52.54 -14 48 33.96
[H77] C 10                       OC    19 44 52.60 -14 48 37.00
[GSK2010] 47            312.12   OC    19 44 52.74 -14 52 59.30
[GSK2010] 33            183.58   OC    19 44 52.81 -14 50 48.20
[H25] V                 285.68   HII   19 44 52.84 -14 43 09.80
[BHD2006] 2             283.51   HII   19 44 52.86 -14 43 11.95
KD S20                   65.39   HII   19 44 52.93 -14 48 36.38
KD D20                   63.39   HII   19 44 53.10 -14 48 36.00
[HKL88] 56              285.27   HII   19 44 53.10 -14 52 33.00
[GSK2010] 9              97.69   OC    19 44 53.25 -14 46 23.50
KD S22                  279.47   HII   19 44 53.30 -14 43 15.00
[H77] C 11               49.25   OC    19 44 53.48 -14 48 20.80
KD S23                  186.56   ?     19 44 53.60 -14 50 54.00
[H25] VI                 87.74   OC    19 44 53.64 -14 49 10.80
[H77] C 11                       OC    19 44 53.67 -14 48 31.20
KD D21                  288.40   HII   19 44 53.80 -14 43 05.00
[HKL88] 57              278.89   HII   19 44 53.80 -14 52 28.00
[HKL88] 58               76.37   HII   19 44 53.90 -14 49 00.00
[HP2009] HII 7          280.63   HII   19 44 53.99 -14 43 12.50
[H77] Ass 5                      OB    19 44 54.00 -14 38 16.00
[HKL88] 60              310.93   HII   19 44 54.00 -14 42 42.00
[HKL88] 59              235.68   HII   19 44 54.10 -14 51 45.00
[HKL88] 62              255.94   HII   19 44 54.20 -14 43 37.00
[HKL88] 61              290.16   HII   19 44 54.20 -14 52 40.00
[GSK2010] 29             81.64   OC    19 44 54.21 -14 46 34.90
[HKL88] 63               39.07   HII   19 44 54.30 -14 48 19.00
[GSK2010] 32            288.07   OC    19 44 54.40 -14 52 38.20
[GSK2010] 34            269.07   OC    19 44 54.51 -14 43 23.30
[HP2009] HII 4          307.85   HII   19 44 54.52 -14 42 44.40
[GSK2010] 19            286.38   OC    19 44 54.55 -14 43 05.90
[H77] C 27               90.69   OC    19 44 54.61 -14 49 19.00
[GSK2010] 2             168.66   OC    19 44 54.61 -14 50 38.40
[H77] C 12              132.96   OC    19 44 54.75 -14 45 40.00
[HKL88] 64              245.91   HII   19 44 55.00 -14 43 46.00
KD S26                  246.81   PN?   19 44 55.10 -14 43 45.00
[GSK2010] 18            228.03   OC    19 44 55.11 -14 44 03.80
[GSK2010] 40            155.15   OC    19 44 55.42 -14 45 16.60
[H77] Ass 6                      OB    19 44 55.60 -14 45 16.00
[H25] VII                65.21   GC    19 44 55.77 -14 48 56.20
[H77] C 28               38.79   OC    19 44 55.78 -14 48 29.60
[HP2009] HII 17         160.12   HII   19 44 55.79 -14 50 31.30
[BHD2006] 18            158.64   HII   19 44 55.84 -14 50 29.85
[HKL88] 65               32.71   HII   19 44 56.20 -14 48 24.00
KD D22                  158.71   HII   19 44 56.20 -14 50 30.00
[BHD2006] 34            343.27   HII   19 44 56.24 -14 42 08.02
[BHD2006] 32            127.49   HII   19 44 56.24 -14 45 43.80
[GSK2010] 39            263.00   OC    19 44 56.38 -14 43 28.30
[H77] Ass 7                      OB    19 44 56.50 -14 43 40.00
[GSK2010] 41            227.85   OC    19 44 56.50 -14 44 03.50
[HKL88] 66               24.98   HII   19 44 56.60 -14 47 27.00
[GSK2010] 14            169.19   OC    19 44 56.67 -14 50 40.30
DDB NGC 6822 1           37.42   SNR   19 44 56.70 -14 48 28.00
[HP2009] HII 2          343.50   HII   19 44 56.80 -14 42 07.90
[GHG91] FIR 2            37.13   SNR   19 44 56.90 -14 48 27.00
[GSK2010] 11            247.86   OC    19 44 56.91 -14 43 43.60
[HP2009] PN 10          153.06   PN    19 44 56.93 -14 45 18.60
[BHD2006] 14             15.23   HII   19 44 56.95 -14 48 02.00
[LCM2005] HII 8          13.85   HII   19 44 57.15 -14 47 50.00
[GSK2010] 22            219.63   OC    19 44 57.18 -14 44 12.10
[HKL88] 67               21.08   HII   19 44 57.20 -14 47 36.00
KD S29                  116.60   HII   19 44 57.40 -14 45 56.00
KD D24                   35.70   HII   19 44 57.70 -14 47 23.00
[HKL88] 69               26.65   HII   19 44 58.00 -14 47 46.00
[GSK2010] 16            163.54   OC    19 44 58.24 -14 45 10.40
[H25] VIII              279.23   OC    19 44 58.28 -14 43 13.70
[GSK2010] 46            270.15   OC    19 44 58.48 -14 52 19.40
[HP2009] HII 9          188.57   HII   19 44 58.50 -14 44 45.70
[GSK2010] 43            237.56   OC    19 44 58.61 -14 43 56.30
[HP2009] PN 9           219.78   PN?   19 44 58.77 -14 44 14.70
[BHD2006] 30            237.08   HII   19 44 58.81 -14 43 57.24
[HP2009] PN 22          107.13   PN?   19 44 58.90 -14 49 31.00
[JSR2019] Spitzer I      42.15   SFR   19 44 59.00 -14 47 41.00
[GSK2010] 1             202.11   OC    19 44 59.26 -14 44 34.10
[H77] C 13              263.24   OC    19 44 59.33 -14 43 32.00
[H77] C 14                       OC    19 44 59.47 -14 44 58.10
[HKL88] 70               56.12   HII   19 44 59.50 -14 47 22.00
[HKL88] 71               62.20   HII   19 44 59.50 -14 48 31.00
[H77] C 14              180.63   OC    19 44 59.52 -14 44 57.20
[HKL88] 72               66.72   HII   19 44 59.70 -14 47 08.00
[HP2009] PN 17           53.62   PN    19 44 59.73 -14 48 07.20
[H77] Ass 8                      OB    19 44 59.80 -14 46 04.00
[H77] C 29               86.32   OC    19 44 59.82 -14 48 59.80
[GSK2010] 45            336.67   OC    19 45 00.48 -14 53 22.20
[HP2009] PN 15           65.06   PN?   19 45 00.59 -14 48 04.60
[HKL88] 73              261.21   HII   19 45 00.60 -14 43 38.00
[HP2009] PN 11          105.48   PN?   19 45 00.74 -14 46 28.90
[HKL88] 74              238.26   HII   19 45 00.90 -14 44 03.00
[W92] OB 10                      OB    19 45 01.00 -14 42 52.00
[H77] C 30              115.30   OC    19 45 01.00 -14 49 23.20
[HKL88] 75              219.14   HII   19 45 01.10 -14 44 24.00
[H77] C 15                       OC    19 45 01.20 -14 46 47.00
[W92] OB 12                      OB    19 45 01.40 -14 38 28.00
[BHD2006] 25            404.01   HII   19 45 01.49 -14 54 27.94
[LCM2005] PN 4          382.88   PN?   19 45 01.53 -14 41 36.30
[HP2009] HII 12         131.38   HII   19 45 01.58 -14 46 05.60
[H77] C 31              122.61   OC    19 45 01.74 -14 49 23.90
[H77] C 16                       OC    19 45 01.80 -14 50 11.00
[BHD2006] 13            101.77   HII   19 45 01.91 -14 46 52.07
[GSK2010] 4             304.15   OC    19 45 01.98 -14 52 43.60
KD D25                  107.72   HII   19 45 02.40 -14 46 52.00
[HKL88] 76              286.27   HII   19 45 02.50 -14 43 20.00
[HP2009] PN 3           386.96   PN?   19 45 02.70 -14 41 36.00
[BHD2006] 31            184.07   HII   19 45 02.85 -14 45 14.50
[W92] OB 8                       OB    19 45 03.10 -14 44 04.00
[H77] C 17              122.34   OC    19 45 03.17 -14 49 00.20
[HKL88] 77              278.47   HII   19 45 03.20 -14 43 32.00
[GSK2010] 27            410.53   OC    19 45 03.27 -14 54 28.80
[GSK2010] 3             451.86   OC    19 45 03.30 -14 55 11.30
[GSK2010] 8             521.83   OC    19 45 03.39 -14 56 22.60
[H77] Ass 9                      OB    19 45 03.50 -14 45 16.00
[H77] C 32              158.09   OC    19 45 03.56 -14 45 54.70
[GSK2010] 31            287.23   OC    19 45 03.57 -14 52 17.90
[H77] C 18                       OC    19 45 03.60 -14 46 39.00
[HKL88] 78              268.93   HII   19 45 03.80 -14 43 46.00
[HKL88] 79              260.75   HII   19 45 03.80 -14 43 55.00
[HKL88] 80              252.62   HII   19 45 03.80 -14 44 04.00
[GSK2010] 23            487.08   OC    19 45 04.09 -14 55 44.70
[H77] C 19                       OC    19 45 04.20 -14 46 33.00
[HKL88] 81              519.17   HII   19 45 04.30 -14 56 17.00
[H77] C 20                       OC    19 45 04.40 -14 42 46.00
[HKL88] 68              245.09   HII   19 45 04.40 -14 44 17.00
[HP2009] HII 23         593.05   HII   19 45 04.60 -14 57 31.70
[HKL88] 82              255.07   HII   19 45 04.70 -14 44 08.00
[GSK2010] 24            318.08   OC    19 45 04.70 -14 52 44.50
[BHD2006] 21            575.50   HII   19 45 04.80 -14 57 13.11
[HKL88] 84              322.97   HII   19 45 04.90 -14 42 54.00
[H25] IX                159.92   OC    19 45 04.95 -14 49 28.60
[BHD2006] 1             306.82   HII   19 45 05.05 -14 43 12.62
[GSK2010] 30            361.45   OC    19 45 05.08 -14 53 29.00
[HKL88] 83              521.91   HII   19 45 05.10 -14 56 17.00
KD D26                  307.39   HII   19 45 05.20 -14 43 13.00
[GSK2010] 20            341.55   OC    19 45 05.34 -14 53 06.10
KD D27                  596.19   HII   19 45 05.80 -14 57 31.00
[H77] Ass 12                     OB    19 45 06.00 -14 40 46.00
[GSK2010] 28            477.76   OC    19 45 06.23 -14 55 26.40
[HKL88] 85              328.75   HII   19 45 06.30 -14 42 57.00
KD D28                  578.92   HII   19 45 06.40 -14 57 11.00
[HP2009] PN 19          156.14   PN    19 45 06.44 -14 48 39.50
[HKL88] 86              156.77   HII   19 45 06.60 -14 48 34.00
[BHD2006] 17            161.01   HII   19 45 06.87 -14 48 35.96
[HP2009] PN 14          160.06   PN    19 45 07.15 -14 47 31.40
[H77] Ass 11                     OB    19 45 07.20 -14 44 52.00
[HKL88] 87              270.45   HII   19 45 07.30 -14 44 14.00
[HP2009] PN 26          507.87   PN?   19 45 07.84 -14 55 50.30
KD D29                  174.98   HII   19 45 07.90 -14 48 34.00
[H77] C 21              260.98   OC    19 45 08.01 -14 44 34.40
[HKL88] 88              191.82   HII   19 45 08.10 -14 49 15.00
[BRC2005] V315          281.35   HII   19 45 08.30 -14 44 11.40
[HKL88] 89              615.25   HII   19 45 08.30 -14 57 41.00
[HP2009] HII 22         605.88   HII   19 45 08.44 -14 57 30.60
[HKL88] 92              278.07   HII   19 45 08.90 -14 44 23.00
[GSK2010] 7             380.64   OC    19 45 08.91 -14 53 24.40
[HKL88] 91              566.00   HII   19 45 09.00 -14 56 46.00
[GSK2010] 13            534.59   OC    19 45 09.07 -14 56 12.20
[H77] C 22                       OC    19 45 09.10 -14 44 02.00
[JSR2019] Spitzer II    190.11   SFR   19 45 09.10 -14 48 21.00
[HKL88] 93              296.87   HII   19 45 09.20 -14 44 02.00
[HKL88] 94              592.00   HII   19 45 09.50 -14 57 11.00
[BHD2006] 23            244.87   HII   19 45 09.78 -14 45 25.81
[GSK2010] 17            443.14   OC    19 45 10.11 -14 54 25.80
[GSK2010] 12            381.26   OC    19 45 10.21 -14 53 13.90
[H77] Ass 14                     OB    19 45 10.30 -14 48 55.00
[HP2009] HII 21         448.89   HII   19 45 10.37 -14 54 30.40
[HKL88] 96              274.39   HII   19 45 10.40 -14 44 50.00
[HKL88] 97              287.65   HII   19 45 10.50 -14 44 32.00
KD S34                  212.81   HII   19 45 10.50 -14 48 39.00
[BRC2005] V230          255.16   HII   19 45 10.68 -14 45 26.40
[GSK2010] 6             507.01   OC    19 45 10.78 -14 55 32.10
KD D30                  219.21   HII   19 45 10.80 -14 48 48.00
KD S35                  448.78   HII   19 45 10.80 -14 54 27.00
[HKL88] 99              214.20   HII   19 45 10.90 -14 48 12.00
[BHD2006] 28            460.70   HII   19 45 11.05 -14 54 38.58
[HKL88] 100             274.96   HII   19 45 11.40 -14 45 07.00
[HP2009] PN 20          230.48   PN    19 45 11.50 -14 48 53.60
[H77] C 33              252.98   OC    19 45 11.93 -14 46 02.00
[GSK2010] 5             382.17   OC    19 45 11.98 -14 52 57.40
[H77] Ass 13                     OB    19 45 12.20 -14 45 58.00
[HKL88] 101             305.72   HII   19 45 12.30 -14 44 34.00
[H77] C 34              248.69   OC    19 45 12.49 -14 46 33.70
[BHD2006] 16            245.24   HII   19 45 12.65 -14 48 47.93
[BHD2006] 29            622.93   HII   19 45 12.71 -14 57 26.41
[BHD2006] 33            352.57   HII   19 45 12.76 -14 43 33.25
[HP2009] HII 24         637.85   HII   19 45 12.90 -14 57 41.40
[BHD2006] 11            290.72   HII   19 45 13.06 -14 45 14.14
[HP2009] PN 25          485.85   PN?   19 45 13.36 -14 54 48.60
[HKL88] 102             301.15   HII   19 45 13.60 -14 45 07.00
[HKL88] 103             262.25   HII   19 45 13.60 -14 46 40.00
[BHD2006] 22            714.52   HII   19 45 13.63 -14 58 59.65
[HP2009] HII 25         704.32   HII   19 45 13.90 -14 58 47.20
[HKL88] 104             271.71   HII   19 45 14.20 -14 46 36.00
[H77] C 24                       OC    19 45 14.40 -14 55 35.00
[GSK2010] 15            534.50   OC    19 45 14.41 -14 55 36.00
[H77] C 23                       OC    19 45 14.50 -14 49 35.00
[H77] Ass 15                     OB    19 45 14.80 -14 45 02.00
[GSK2010] 44            317.31   OC    19 45 14.95 -14 45 07.80
[GSK2010] 37            682.90   OC    19 45 15.35 -14 58 15.20
[HKL88] 105             338.43   HII   19 45 15.40 -14 44 39.00
[H77] C 35              303.36   OC    19 45 15.70 -14 46 01.60
[H77] HII 16            319.21   HII   19 45 15.90 -14 45 29.00
[H77] C 25              302.00   OC    19 45 16.11 -14 46 22.90
[HKL88] 106             340.03   HII   19 45 16.80 -14 45 09.00
[BRC2005] V232          333.33   HII   19 45 16.88 -14 45 25.90
[HP2009] HII 11         334.53   HII   19 45 17.09 -14 45 29.50
[BHD2006] 4             334.73   HII   19 45 17.10 -14 45 29.45
[HKL88] 107             352.72   HII   19 45 18.20 -14 45 21.00
[HKL88] 108             374.43   HII   19 45 18.90 -14 44 53.00
[H77] C 26              333.77   OC    19 45 19.13 -14 48 19.80
[HFV2013] SC 6          714.87   GC    19 45 37.02 -14 41 10.80
[HLL2011] C 3           644.21   GC    19 45 40.15 -14 49 25.00
N6822 cand 3               #     OC?   19 45 43.16 -14 55 30.00
N6822 cand 4               #     OC?   19 45 46.56 -14 56 24.90
KD S13                  816.81   HII   19 45 49.20 -14 52 28.00
[HP2009] PN 2           969.13   PN    19 45 56.38 -14 40 50.50
[HFV2013] SC 7         1311.10   GC    19 46 00.85 -14 32 35.40
[HP2009] PN 8           989.49   PN    19 46 02.22 -14 43 42.20
[HLL2011] C 4          2571.14   EGC   19 47 30.54 -14 26 49.30
