
NGC 6946            0.0  203451.1 +600915  14.8   1.48    9.6                51  5.39  0.70  avg NED
KK 251             34.3  203032.0 +602113   1.6   1.28   16.5   Ir L        130  5.89        mem
UGC 11583          38.2  203015.3 +602625   2.2   1.32   15.9   Ir L        126  7.1   1.2   avg NED
KK 252             46.5  203132.6 +604848   0.89  1.95   16.7   Ir L        138  5.89        mem
KKR 55             79.5  204520.8 +602440   0.60  2.94   17.0   Ir N         32  5.89        mem
KKR 56            138.6  204824.1 +583706   0.71  3.14   17.6   Ir L        -43  5.89        mem
Cepheus 1         233.7  205109.7 +565324   3.0   4.05   15.4                33  6.0         NED BS*
KKR 59            280.9  210324.2 +571714   2.3   3.86   15.7                -3  5.89        mem
KKR 60            299.4  210553.0 +571219   0.71  4.57   18.0   Ir L        -14  5.89        mem

UGC 11411         805.3  190842.3 +701702   0.79  0.52   15.6  BCD N         69  6.58       TRGB
NGC 6503-d 1     1152.5  175248.4 +700814   0.52  0.14   18.6   Tr L             6.25        mem
NGC 6503         1169.4  174927.6 +700841   7.1   0.14   10.9                51  6.25       TRGB
