
NGC 891 subgroup

NGC 891            02 22 32.8 +42 20 48
DDO 24             02 33 43.0 +40 31 41
UGC 2172           02 42 10.8 +43 21 19
DDO 22             02 32 54.0 +38 40 50
UGC 1807           02 21 13.4 +42 45 46
UGC 2684           03 20 23.7 +17 17 42
[TT2009] 25        02 21 12.4 +42 21 51
[TT2009] 30        02 22 54.7 +42 42 45

NGC 925 subgroup

NGC 925            02 27 16.0 +33 34 41
NGC 855            02 14 03.7 +27 52 38
NGC 784            02 01 16.8 +28 50 37
DDO 25             02 33 18.2 +33 29 28
UGC 1281           01 49 32.3 +32 35 33
UGC 1561           02 04 05.0 +24 12 28
DDO 19             02 25 00.2 +36 02 16
AGC 122226         02 46 38.9 +27 43 35
KK 16              01 55 20.6 +27 57 15
d0226+3325         02 26 52.8 +33 25 37
Halogas            02 27 20.0 +33 57 30
KK 17              02 00 09.9 +28 49 57
AGC 123352         02 48 39.2 +23 16 26
AGC 124056         02 57 36.4 +23 47 21

NGC 672 subgroup

NGC 672            01 47 53.2 +27 26 01
IC 1727            01 47 30.1 +27 19 52
KK 13              01 42 16.8 +26 22 04
KK 14              01 44 42.7 +27 17 16
KK 15              01 46 41.6 +26 48 05
AGC 112521         01 41 07.9 +27 19 26
NGC 672 dw A       01 47 19.1 +27 15 16
NGC 672 dw B       01 47 11.1 +27 41 00

NGC 1156 subgroup

NGC 1156           02 59 42.4 +25 14 15
LV J0300+2546      03 00 39.3 +25 46 56
NGC 1156 dw 1      03 00 18.2 +25 14 56
NGC 1156 dw 2      03 00 28.0 +25 18 17
