Name            Coordinates (J2000.0)        Teff er  Teff er  Radius Error   Radius err     Mass   Error   Mass   err     Fe/H err   age  err   SpT    Vmag  Error 
PM I00115+5908  00 11 31.8072 +59 08 39.876  2864 60  2921 32  0.1361 0.0061  0.1300 0.0030  0.1000 0.0100  0.1070 0.0090 -0.27 0.08  9.46 0.59  M6.1  15.611 0.040
PM I00118+2259  00 11 53.0400 +22 59 04.452  3359 62  3376 35  0.3140 0.0150  0.3090 0.0120  0.2940 0.0290  0.3120 0.0160  0.13 0.08  9.43 0.60  M3.5  12.958 0.016
Gl 15A          00 18 22.9008 +44 01 22.008  3603 60  3626 32  0.3880 0.0130  0.3820 0.0070  0.3980 0.0400  0.4060 0.0090 -0.30 0.08  9.48 0.56  M1.4   8.119 0.016
Gl 15B          00 18 25.8696 +44 01 38.424  3218 60  3250 32  0.1923 0.0082  0.1870 0.0050  0.1590 0.0160  0.1690 0.0060 -0.30 0.08  9.44 0.59  M4.1  11.007 0.016
GJ 1009         00 21 56.0400 -31 24 21.744  3600 60  3657 45  0.5280 0.0280  0.5070 0.0190  0.5510 0.0550  0.5380 0.0190  0.27 0.08  9.46 0.52  M2.1  11.175 0.016
GJ 1029         01 05 37.6344 +28 29 33.576  2981 61  3084 33  0.1930 0.0110  0.1780 0.0070  0.1480 0.0150  0.1530 0.0090  0.14 0.08  9.33 0.62  M5.3  14.820 0.018
Gl 53.1B        01 07 38.5296 +22 57 20.808  3232 60  3311 17  0.3080 0.0130  0.2920 0.0080  0.2760 0.0280  0.2870 0.0120  0.25 0.03  9.42 0.61  M4.0  14.054 0.016
Gl 54.1         01 12 30.5976 -16 59 56.616  3056 60  3132 31  0.1680 0.0085  0.1590 0.0060  0.1300 0.0130  0.1360 0.0050 -0.26 0.08  9.40 0.62  M4.9  12.082 0.016
Gl 56.3 B       01 18 40.2000 -00 52 27.552  3935 64  4012 51  0.6040 0.0260  0.5790 0.0150  0.6450 0.0640  0.6110 0.0180  0.01 0.08  9.53 0.53  K7.7  10.699 0.016
GJ 3098         01 32 26.2224 -21 54 18.000  3641 60  3708 35  0.4600 0.0220  0.4400 0.0160  0.4640 0.0460  0.4680 0.0170 -0.20 0.08  9.41 0.60  M1.3  11.200 0.016
GJ 3105         01 40 16.5696 +31 47 30.660  3269 63  3333 36  0.2800 0.0160  0.2670 0.0130  0.2580 0.0260  0.2580 0.0160  0.06 0.08  9.47 0.60  M4.1  13.954 0.017
GJ 3108         01 43 15.9528 +27 50 31.596  3852 60  3935 58  0.6260 0.0320  0.5920 0.0180  0.6530 0.0650  0.6280 0.0190  0.25 0.08  9.46 0.50  M0.5  10.402 0.016
Gl 70           01 43 20.1936 +04 19 18.336  3458 60  3578 29  0.4140 0.0170  0.3850 0.0110  0.4010 0.0400  0.4090 0.0130 -0.13 0.08  9.46 0.59  M2.5  10.931 0.016
GJ 3119         01 51 04.0512 -06 07 04.764  3011 61  3089 29  0.1731 0.0078  0.1640 0.0040  0.1320 0.0130  0.1380 0.0040 -0.03 0.08  9.35 0.59  M5.1  14.444 0.020
Gl 79           01 52 49.1424 -22 26 05.496  3900 60  3987 39  0.6200 0.0210  0.5930 0.0120  0.6540 0.0650  0.6290 0.0150  0.14 0.08  9.49 0.50  M0.2   8.929 0.016
Gl 83.1         02 00 12.9648 +13 03 07.056  3080 60  3165 31  0.1870 0.0100  0.1740 0.0070  0.1440 0.0140  0.1520 0.0090 -0.16 0.08  9.34 0.62  M4.9  12.285 0.016
Gl 87           02 12 21.0480 +03 34 33.168  3638 62  3721 35  0.4430 0.0170  0.4210 0.0110  0.4400 0.0440  0.4480 0.0120 -0.36 0.08  9.44 0.57  M1.5  10.062 0.016
GJ 3142         02 12 54.5808 +00 00 16.776  3257 60  3321 33  0.2770 0.0140  0.2660 0.0110  0.2510 0.0250  0.2560 0.0130  0.09 0.08  9.40 0.60  M4.1  13.535 0.017
GJ 3146         02 16 29.8536 +13 35 12.660  2829 60  2899 48  0.1447 0.0091  0.1350 0.0060  0.1030 0.0100  0.1090 0.0060 -0.03 0.08  9.41 0.58  M6.1  15.758 0.018
GJ 3147         02 17 10.0224 +35 26 32.460  2880 60  2919 26  0.1502 0.0067  0.1450 0.0030  0.1130 0.0110  0.1170 0.0020  0.17 0.08  9.39 0.61  M5.8  15.850 0.040
GJ 3150         02 19 02.3352 +23 52 54.912  3216 60  3342 33  0.2730 0.0150  0.2510 0.0120  0.2350 0.0230  0.2400 0.0150 -0.07 0.08  9.37 0.62  M4.4  14.127 0.017
Gl 96           02 22 14.6328 +47 52 48.072  3785 62  3892 38  0.5990 0.0210  0.5660 0.0120  0.6140 0.0610  0.6000 0.0130  0.14 0.08  9.48 0.54  M0.7   9.413 0.016
Gl 102          02 33 37.1808 +24 55 37.812  3199 62  3210 36  0.2040 0.0120  0.2010 0.0090  0.1740 0.0170  0.1820 0.0100  0.00 0.08  9.42 0.59  M4.4  13.046 0.017
Gl 104          02 35 53.2992 +20 13 11.640  3542 62  3647 39  0.5120 0.0220  0.4800 0.0150  0.5080 0.0510  0.5110 0.0150  0.12 0.08  9.46 0.56  M2.1  10.655 0.016
Gl 105 B        02 36 15.2592 +06 52 18.012  3284 60  3390  7  0.2780 0.0100  0.2600 0.0020  0.2460 0.0250  0.2550 0.0050 -0.12 0.03  9.36 0.61  M4.0  11.670 0.016
PM I02441+4913W 02 44 10.2600 +49 13 54.084  3685 60  3720 22  0.4980 0.0170  0.4890 0.0070  0.5210 0.0520  0.5210 0.0080  0.06 0.03  9.38 0.59  M1.7   9.987 0.016
Gl 109          02 44 15.4776 +25 31 24.276  3405 60  3502 29  0.3640 0.0140  0.3420 0.0090  0.3430 0.0340  0.3580 0.0110 -0.10 0.08  9.37 0.58  M3.0  10.599 0.016
PM I02530+1652  02 53 00.8856 +16 52 52.680  2800 60           0.1180 0.0052                 0.0897 0.0090                -0.31 0.08             M7.0  15.133 0.022
PM I02534+1724  02 53 26.1144 +17 24 32.436  3377 60  3491 29  0.3520 0.0190  0.3250 0.0160  0.3380 0.0340  0.3390 0.0190 -0.16 0.08  9.53 0.58  M3.3  12.694 0.016
Gl 118.2 C      02 55 35.7744 +26 52 20.496  3227 60  3341 16  0.3470 0.0150  0.3230 0.0080  0.3090 0.0310  0.3250 0.0120  0.28 0.03  9.50 0.57  M3.8  13.827 0.016
GJ 3195         03 04 43.4496 +61 44 08.988  3500 61  3602 27  0.4240 0.0160  0.3990 0.0090  0.4150 0.0420  0.4250 0.0110 -0.12 0.08  9.46 0.60  M3.0  12.564 0.016
Gl 134          03 18 07.4592 +38 15 07.740  3700 61  3795 63  0.6280 0.0310  0.5850 0.0300  0.6390 0.0640  0.6180 0.0220  0.53 0.08  9.51 0.49  M1.5  10.284 0.016
PM I03361+3118  03 36 08.6976 +31 18 39.564  3086 60  3214 33  0.2330 0.0120  0.2140 0.0080  0.1890 0.0190  0.1940 0.0090  0.07 0.08  9.39 0.61  M4.7  13.995 0.016
GJ 3253         03 52 41.7624 +17 01 04.260  3079 60  3171 29  0.2043 0.0092  0.1920 0.0050  0.1660 0.0170  0.1710 0.0060  0.01 0.08  9.44 0.60  M4.7  13.775 0.016
LSPM J0355+5214 03 55 36.8952 +52 14 29.040  3435 61  3466 23  0.2740 0.0110  0.2680 0.0070  0.2550 0.0250  0.2680 0.0110 -0.35 0.05  9.41 0.61  M2.8  14.508 0.016
Gl 166 C        04 15 21.7320 -07 39 17.352  3167 60  3362 18  0.2740 0.0110  0.2420 0.0040  0.2220 0.0220  0.2330 0.0050 -0.21 0.08  9.44 0.60  M4.7  11.230 0.016
Gl 169          04 29 00.0984 +21 55 21.000  4124 62  4197 40  0.6870 0.0230  0.6610 0.0110  0.7440 0.0740  0.7110 0.0140  0.39 0.08  9.46 0.49  K7.7   8.335 0.016
Gl 172          04 37 40.9152 +52 53 37.248  3929 60  4054 38  0.6080 0.0200  0.5710 0.0110  0.6510 0.0650  0.6020 0.0160 -0.11 0.08  9.45 0.51  K7.7   8.627 0.016
Gl 173          04 37 41.8752 -11 02 19.860  3671 61  3668 33  0.4440 0.0170  0.4440 0.0120  0.4720 0.0470  0.4730 0.0130 -0.04 0.08  9.47 0.59  M2.0  10.346 0.016
Gl 176          04 42 55.7544 +18 57 29.988  3680 60  3631 40  0.4520 0.0190  0.4640 0.0140  0.4920 0.0490  0.4960 0.0150  0.14 0.08  9.36 0.58  M2.2   9.993 0.016
Gl 180          04 53 49.9656 -17 46 23.988  3506 60  3619 31  0.4210 0.0190  0.3920 0.0130  0.4130 0.0410  0.4170 0.0150 -0.24 0.08  9.44 0.55  M2.1  10.910 0.016
GJ 3323         05 01 57.4704 -06 56 45.924  3143 60  3204 24  0.2005 0.0079  0.1920 0.0040  0.1610 0.0160  0.1730 0.0040 -0.06 0.08  9.38 0.60  M4.5  12.135 0.016
GJ 3325         05 03 20.0928 -17 22 24.528  3365 60  3410 25  0.2840 0.0130  0.2760 0.0090  0.2620 0.0260  0.2740 0.0130 -0.12 0.08  9.45 0.61  M3.2  11.763 0.016
Gl 205          05 31 27.4008 -03 40 37.992  3801 60  3805 31  0.5810 0.0190  0.5790 0.0090  0.6330 0.0630  0.6130 0.0100  0.49 0.08  9.41 0.48  M1.5   7.932 0.016
Gl 208          05 36 30.9936 +11 19 40.332  3966 60  4020 41  0.6010 0.0200  0.5850 0.0120  0.6460 0.0650  0.6200 0.0150  0.05 0.08  9.43 0.52  K7.9   8.865 0.016
Gl 212          05 41 30.7296 +53 29 23.532  3765 60  3819 34  0.5680 0.0220  0.5500 0.0110  0.5930 0.0590  0.5840 0.0110  0.19 0.03  9.40 0.57  M1.0   9.739 0.016
Gl 213          05 42 09.1992 +12 29 22.416  3250 60  3370 23  0.2640 0.0110  0.2430 0.0070  0.2290 0.0230  0.2340 0.0090 -0.22 0.08  9.41 0.62  M4.0  11.580 0.016
PM I05557-2651  05 55 43.2024 -26 51 23.400  3652 60  3671 41  0.5250 0.0240  0.5190 0.0160  0.5520 0.0550  0.5500 0.0170  0.31 0.08  9.47 0.56  M2.7  10.795 0.016
GJ 3379         06 00 03.4992 +02 42 23.652  3214 60  3297 30  0.2630 0.0100  0.2490 0.0060  0.2260 0.0230  0.2370 0.0070  0.07 0.08  9.37 0.61  M4.2  11.281 0.016
GJ 3378         06 01 11.0640 +59 35 49.668  3340 60  3381 26  0.2690 0.0110  0.2610 0.0070  0.2450 0.0240  0.2550 0.0100 -0.09 0.08  9.41 0.61  M3.7  11.668 0.016
GJ 3380         06 02 29.1816 +49 51 56.232  3000 60  3044 32  0.1635 0.0080  0.1570 0.0050  0.1270 0.0130  0.1310 0.0050  0.01 0.08  9.39 0.60  M5.1  14.541 0.017
PM I06077-2544  06 07 43.7448 -25 44 41.388  3356 60  3455 25  0.3210 0.0150  0.3000 0.0110  0.2940 0.0290  0.3070 0.0150 -0.15 0.08  9.46 0.62  M3.2  11.886 0.016
GJ 3388         06 14 02.3592 +51 40 08.040  3326 60  3394 29  0.2840 0.0130  0.2710 0.0100  0.2510 0.0250  0.2680 0.0130 -0.08 0.08  9.40 0.61  M3.4  12.798 0.016
Gl 232          06 24 41.2920 +23 25 58.980  3165 60  3216 30  0.1948 0.0096  0.1870 0.0070  0.1540 0.0150  0.1670 0.0080 -0.18 0.08  9.41 0.60  M4.5  13.099 0.016
Gl 239          06 37 10.8192 +17 33 53.136  3801 60  3758 37  0.4230 0.0150  0.4340 0.0110  0.4710 0.0470  0.4610 0.0120 -0.34 0.08  9.39 0.57  M0.2   9.611 0.016
GJ 3408 B       06 46 07.4592 +32 33 15.012  3656 62  3674 28  0.4190 0.0190  0.4140 0.0130  0.4320 0.0430  0.4400 0.0130 -0.26 0.03  9.42 0.60  M0.9  12.150 0.016
GJ 1092         06 49 05.4504 +37 06 50.616  3207 61  3298 41  0.2010 0.0110  0.1880 0.0090  0.1630 0.0160  0.1690 0.0090 -0.51 0.08  9.39 0.58  M4.3  13.783 0.017
Gl 250 B        06 52 18.0456 -05 11 24.180  3481 60  3569 19  0.4600 0.0170  0.4360 0.0060  0.4440 0.0440  0.4660 0.0080  0.14 0.03  9.41 0.60  M2.3  10.045 0.016
Gl 251          06 54 48.9864 +33 16 05.628  3448 60  3487 31  0.3580 0.0130  0.3490 0.0080  0.3520 0.0350  0.3650 0.0090 -0.02 0.08  9.38 0.58  M3.2  10.068 0.016
Gl 272          07 23 14.9040 +46 05 14.784  3703 62  3786 46  0.5430 0.0250  0.5180 0.0160  0.5640 0.0560  0.5500 0.0180  0.05 0.08  9.42 0.53  M1.2  10.544 0.016
Gl 273          07 27 24.4800 +05 13 34.680  3317 60  3438 26  0.3150 0.0120  0.2930 0.0050  0.2830 0.0280  0.2980 0.0090 -0.11 0.08  9.44 0.60  M3.8   9.892 0.016
GJ 1097         07 28 45.4224 -03 17 52.980  3448 60  3530 38  0.4040 0.0190  0.3810 0.0150  0.3970 0.0400  0.4050 0.0170 -0.01 0.08  9.45 0.60  M3.1  11.410 0.016
Gl 277.1        07 34 27.4680 +62 56 29.472  3681 60  3667 37  0.3850 0.0160  0.3860 0.0130  0.3970 0.0400  0.4110 0.0150 -0.37 0.08  9.42 0.57  M0.8  10.397 0.016
GJ 3459         07 38 40.9416 -21 13 28.236  3358 60  3452 28  0.3150 0.0160  0.2950 0.0130  0.2900 0.0290  0.3000 0.0170 -0.18 0.08  9.44 0.60  M3.1  11.756 0.016
Gl 281          07 39 23.0448 +02 11 01.320  3771 60  3922 46  0.6260 0.0250  0.5740 0.0130  0.6330 0.0630  0.6080 0.0160  0.12 0.08  9.48 0.50  M0.3   9.638 0.016
Gl 289          07 48 16.3344 +20 22 05.772  3576 60  3609 33  0.3540 0.0180  0.3450 0.0150  0.3480 0.0350  0.3640 0.0190 -0.45 0.08  9.42 0.57  M1.7  11.455 0.016
Gl 297.2 B      08 10 34.2648 -13 48 51.372  3544 62  3700 39  0.5230 0.0190  0.4790 0.0110  0.5130 0.0510  0.5100 0.0120  0.00 0.08  9.48 0.55  M2.5  11.782 0.016
GJ 2066         08 16 07.9944 +01 18 09.216  3500 60  3644 30  0.4610 0.0170  0.4230 0.0090  0.4520 0.0450  0.4510 0.0120 -0.12 0.08  9.50 0.58  M2.2  10.126 0.016
GJ 1111         08 29 49.3512 +26 46 33.744  2800 60           0.1226 0.0056                 0.0937 0.0094                -0.15 0.08             M6.7  14.834 0.019
Gl 324B         08 52 40.8432 +28 18 58.824  3166 61  3237 17  0.2730 0.0130  0.2590 0.0080  0.2380 0.0240  0.2430 0.0100  0.31 0.03  9.41 0.61  M4.1  13.153 0.017
Gl 338A         09 14 22.8000 +52 41 11.004  3920 60  3930 52  0.5500 0.0260  0.5480 0.0180  0.6070 0.0610  0.5800 0.0190 -0.01 0.08  9.41 0.55  K7.8   7.645 0.016
Gl 353          09 31 56.3424 +36 19 13.080  3692 60  3806 37  0.5180 0.0210  0.4830 0.0130  0.5320 0.0530  0.5100 0.0150 -0.20 0.08  9.42 0.54  M0.6  10.221 0.016
Gl 361          09 41 10.3824 +13 12 34.524  3500 60  3648 37  0.4850 0.0190  0.4420 0.0120  0.4700 0.0470  0.4730 0.0140 -0.05 0.08  9.49 0.59  M1.9  10.405 0.016
PM I09437-1747  09 43 46.3368 -17 47 06.648  3302 65           0.1902 0.0082                 0.1530 0.0150                -0.61 0.08           sdM2.9  13.161 0.016
GJ 1129         09 44 47.3136 -18 12 48.924  3243 60  3334 33  0.2960 0.0140  0.2770 0.0100  0.2620 0.0260  0.2720 0.0130  0.10 0.08  9.36 0.62  M3.8  12.500 0.017
PM I09553-2715  09 55 23.8632 -27 15 40.608  3346 60  3412 35  0.3210 0.0160  0.3050 0.0140  0.2990 0.0300  0.3110 0.0190  0.01 0.08  9.40 0.61  M3.5  12.041 0.016
Gl 380          10 11 22.2096 +49 27 15.516  4131 60  4162 33  0.6510 0.0190  0.6420 0.0100  0.7070 0.0710  0.6870 0.0130  0.24 0.08  9.43 0.49  K7.6   6.538 0.015
Gl 382          10 12 17.6736 -03 44 44.268  3623 60  3696 36  0.5220 0.0190  0.5000 0.0120  0.5250 0.0530  0.5320 0.0120  0.13 0.08  9.48 0.56  M1.9   9.281 0.016
Gl 388          10 19 36.2808 +19 52 12.072  3370 60  3492 33  0.4350 0.0170  0.4020 0.0100  0.4060 0.0410  0.4270 0.0110  0.15 0.08  9.46 0.57  M3.4   9.411 0.016
Gl 390          10 25 10.8624 -10 13 43.356  3700 60  3743 41  0.4970 0.0200  0.4850 0.0140  0.5200 0.0520  0.5160 0.0160 -0.02 0.08  9.46 0.56  M1.5  10.159 0.016
Gl 393          10 28 55.5720 +00 50 27.960  3548 60  3621 24  0.4200 0.0160  0.4020 0.0090  0.4260 0.0430  0.4280 0.0100 -0.18 0.08  9.45 0.57  M2.2   9.665 0.016
PM I10430-0912  10 43 02.9328 -09 12 41.076  2951 60  3160 27  0.1980 0.0100  0.1710 0.0060  0.1520 0.0150  0.1490 0.0070 -0.20 0.08  9.41 0.59  M5.5  15.071 0.018
Gl 402          10 50 52.0896 +06 48 29.736  3238 60  3293 32  0.2760 0.0120  0.2650 0.0080  0.2460 0.0250  0.2540 0.0100  0.16 0.08  9.40 0.61  M3.9  11.694 0.016
Gl 403          10 52 04.2288 +13 59 51.216  3298 62  3406 28  0.2950 0.0160  0.2740 0.0120  0.2650 0.0270  0.2710 0.0160 -0.13 0.08  9.45 0.60  M3.6  12.700 0.016
GJ 3631         10 52 14.2464 +05 55 09.804  3039 60  3047 30  0.1646 0.0076  0.1630 0.0050  0.1280 0.0130  0.1360 0.0040  0.10 0.08  9.43 0.59  M5.4  14.803 0.017
Gl 406          10 56 28.9008 +07 00 52.992  2818 60  2808 27  0.1348 0.0058  0.1350 0.0030  0.0997 0.0100  0.1050 0.0080  0.25 0.08  9.45 0.53  M5.9  13.520 0.017
Gl 411          11 03 20.2152 +35 58 13.944  3563 60  3637 32  0.3890 0.0130  0.3720 0.0070  0.3860 0.0390  0.3960 0.0080 -0.38 0.08  9.54 0.55  M1.9   7.498 0.016
Gl 412A         11 05 28.7808 +43 31 35.940  3619 60  3649 32  0.3830 0.0130  0.3760 0.0080  0.3900 0.0390  0.4000 0.0090 -0.37 0.08  9.47 0.59  M1.1   8.778 0.016
Gl 412B         11 05 30.9024 +43 31 17.904  2863 60           0.1262 0.0054                 0.0952 0.0095                -0.32 0.08             M6.6  14.472 0.018
GJ 3668         11 31 08.3568 -14 57 20.160  3109 62  3170 27  0.1901 0.0085  0.1820 0.0050  0.1540 0.0150  0.1610 0.0050 -0.07 0.08  9.44 0.61  M4.5  14.171 0.019
GJ 1148         11 41 44.6592 +42 45 07.128  3304 61  3433 34  0.3760 0.0180  0.3440 0.0140  0.3360 0.0340  0.3570 0.0170  0.07 0.08  9.53 0.59  M3.8  11.852 0.016
Gl 436          11 42 11.0640 +26 42 24.048  3479 60  3584 39  0.4490 0.0190  0.4200 0.0140  0.4450 0.0440  0.4470 0.0150  0.01 0.08  9.47 0.57  M2.8  10.691 0.016
Gl 447          11 47 44.3784 +00 48 17.028  3192 60  3201 26  0.1967 0.0077  0.1950 0.0040  0.1680 0.0170  0.1760 0.0040 -0.02 0.08  9.45 0.60  M4.3  11.148 0.016
GJ 1151         11 50 57.7296 +48 22 38.604  3118 60  3152 31  0.1903 0.0091  0.1850 0.0060  0.1540 0.0150  0.1630 0.0070  0.03 0.08  9.40 0.60  M4.5  13.234 0.016
GJ 3707         12 10 05.5968 -15 04 15.672  3385 60  3420 33  0.3900 0.0180  0.3800 0.0140  0.3870 0.0390  0.3970 0.0170  0.26 0.08  9.44 0.59  M3.8  12.086 0.016
Gl 458.2        12 15 08.8560 +48 43 57.468  3900 61  4037 72  0.6690 0.0380  0.6050 0.0210  0.7010 0.0700  0.6430 0.0230  0.14 0.08  9.45 0.52  M0.4  10.546 0.016
Gl 459.3        12 19 24.1152 +28 22 56.460  3993 60  4027 69  0.6430 0.0370  0.6300 0.0160  0.7030 0.0700  0.6720 0.0180  0.46 0.08  9.46 0.48  M0.6  10.643 0.016
Gl 471          12 31 15.8232 +08 48 38.448  3726 61  3896 42  0.5910 0.0220  0.5410 0.0140  0.6030 0.0600  0.5720 0.0160 -0.04 0.08  9.46 0.52  M0.3   9.704 0.016
Gl 480          12 38 52.4808 +11 41 46.320  3463 60  3529 41  0.4660 0.0250  0.4430 0.0200  0.4670 0.0470  0.4710 0.0210  0.26 0.08  9.45 0.59  M3.4  11.573 0.016
Gl 488          12 50 43.5672 -00 46 05.088  3989 60  4067 36  0.6460 0.0200  0.6220 0.0110  0.6980 0.0700  0.6630 0.0130  0.24 0.08  9.42 0.51  K7.9   8.494 0.016
Gl 505 B        13 16 51.5400 +17 00 59.904  3709 60  3840 21  0.5390 0.0190  0.5020 0.0060  0.5410 0.0540  0.5310 0.0080 -0.12 0.03  9.48 0.55  M0.7   9.522 0.016
Gl 507.1        13 19 40.1376 +33 20 47.580  3650 60  3752 36  0.5980 0.0250  0.5600 0.0130  0.5970 0.0600  0.5910 0.0130  0.40 0.08  9.50 0.50  M1.8  10.617 0.016
Gl 512A         13 28 21.0744 -02 21 36.792  3498 60  3581 43  0.4610 0.0240  0.4350 0.0190  0.4610 0.0460  0.4630 0.0200  0.08 0.08  9.49 0.58  M3.1  11.269 0.016
Gl 514          13 29 59.7480 +10 22 38.316  3727 61  3755 30  0.4830 0.0160  0.4760 0.0090  0.5270 0.0530  0.5050 0.0120 -0.09 0.08  9.45 0.55  M1.1   9.040 0.015
Gl 525          13 45 05.0640 +17 47 08.484  3828 60  3896 37  0.4940 0.0170  0.4760 0.0150  0.5260 0.0530  0.5000 0.0140 -0.54 0.08  9.45 0.53  K7.7   9.810 0.016
Gl 526          13 45 43.8024 +14 53 29.004  3649 60  3755 32  0.4780 0.0160  0.4500 0.0090  0.4650 0.0460  0.4750 0.0100 -0.31 0.08  9.51 0.56  M1.4   8.480 0.016
Gl 544 B        14 19 35.8488 -05 09 07.992  3191 60  3242 13  0.2032 0.0085  0.1960 0.0040  0.1730 0.0170  0.1780 0.0050 -0.18 0.03  9.43 0.60  M4.3  14.905 0.016
Gl 545          14 20 07.3944 -09 37 12.720  3341 60  3403 21  0.2760 0.0120  0.2650 0.0070  0.2560 0.0260  0.2620 0.0100 -0.17 0.08  9.34 0.63  M3.7  12.932 0.016
Gl 549 B        14 25 11.5896 +51 49 53.292  3479 60  3585 27  0.4140 0.0150  0.3890 0.0070  0.4050 0.0400  0.4150 0.0090 -0.11 0.08  9.41 0.59  M2.6  11.467 0.016
Gl 555          14 34 16.8240 -12 31 10.704  3211 60  3322 32  0.3100 0.0130  0.2870 0.0090  0.2730 0.0270  0.2830 0.0120  0.17 0.08  9.42 0.59  M4.0  11.338 0.016
PM I15118+3933  15 11 51.4608 +39 33 02.196  3435 61  3495 16  0.3470 0.0150  0.3330 0.0100  0.3310 0.0330  0.3470 0.0120 -0.09 0.03  9.46 0.59  M2.8  13.569 0.016
Gl 581          15 19 26.8656 -07 43 20.172  3395 60  3457 22  0.3110 0.0120  0.2990 0.0070  0.2920 0.0290  0.3060 0.0110 -0.15 0.08  9.44 0.58  M3.2  10.581 0.016
Gl 585          15 23 51.1368 +17 27 57.348  3164 60  3213 36  0.1870 0.0110  0.1800 0.0080  0.1520 0.0150  0.1590 0.0100 -0.25 0.08  9.45 0.61  M4.5  13.714 0.016
PM I15354+6005  15 35 25.6800 +60 05 07.584  3252 60  3390 34  0.3180 0.0130  0.2920 0.0080  0.2790 0.0280  0.2920 0.0100 -0.01 0.08  9.45 0.61  M4.1  13.426 0.016
Gl 615.2 C      16 13 56.2728 +33 46 24.240  3454 63  3593 23  0.4370 0.0200  0.4000 0.0110  0.4230 0.0420  0.4260 0.0130 -0.06 0.03  9.47 0.58  M2.8  12.251 0.016
Gl 625          16 25 24.5976 +54 18 14.868  3475 60  3540 34  0.3310 0.0120  0.3190 0.0070  0.3150 0.0320  0.3330 0.0090 -0.35 0.08  9.54 0.60  M2.1  10.123 0.016
Gl 628          16 30 18.0648 -12 39 44.748  3272 60  3411 34  0.3250 0.0120  0.2990 0.0060  0.2940 0.0290  0.3030 0.0100 -0.03 0.08  9.43 0.58  M3.6  10.097 0.016
GJ 3976         16 50 57.9336 +22 27 05.688  3054 60  3171 28  0.1936 0.0097  0.1780 0.0060  0.1510 0.0150  0.1560 0.0070 -0.12 0.08  9.43 0.60  M4.9  14.027 0.017
Gl 642          16 54 12.0480 +11 54 52.704  3834 61  3868 53  0.4750 0.0260  0.4640 0.0200  0.5030 0.0500  0.4880 0.0180 -0.48 0.08  9.40 0.53  M0.0  10.755 0.016
Gl 643          16 55 25.2528 -08 19 20.820  3279 60  3339 27  0.2330 0.0110  0.2230 0.0080  0.2040 0.0200  0.2090 0.0090 -0.26 0.08  9.41 0.60  M3.2  11.772 0.016
Gl 644 C        16 55 35.2920 -08 23 40.128  2700 60           0.1131 0.0053                 0.0841 0.0084                -0.07 0.08             M7.0  16.758 0.017
GJ 1207         16 57 05.7048 -04 20 55.968  3229 60  3346 27  0.2620 0.0110  0.2440 0.0060  0.2280 0.0230  0.2330 0.0070 -0.09 0.08  9.36 0.61  M4.1  12.277 0.016
Gl 649          16 58 08.8560 +25 44 39.228  3700 60  3741 39  0.5070 0.0180  0.4950 0.0120  0.5340 0.0530  0.5270 0.0130  0.03 0.08  9.42 0.57  M1.3   9.667 0.016
GJ 3991         17 09 31.5312 +43 40 53.004  3284 60  3309 31  0.2860 0.0120  0.2810 0.0070  0.2660 0.0270  0.2740 0.0100  0.20 0.08  9.40 0.59  M3.9  11.855 0.016
GJ 3992         17 11 34.7544 +38 26 33.936  3432 61  3493 36  0.3840 0.0170  0.3680 0.0120  0.3750 0.0370  0.3880 0.0150  0.03 0.08  9.41 0.58  M3.4  11.602 0.016
Gl 671          17 19 52.7040 +41 42 50.184  3433 61  3534 27  0.3820 0.0160  0.3570 0.0100  0.3640 0.0360  0.3770 0.0130 -0.15 0.08  9.49 0.58  M2.7  11.422 0.016
Gl 673          17 25 45.2328 +02 06 41.112  4124 60  4170 36  0.6490 0.0200  0.6360 0.0100  0.7060 0.0710  0.6780 0.0140  0.19 0.08  9.46 0.49  K7.4   7.510 0.016
Gl 678.1A       17 30 22.7280 +05 32 54.780  3675 60  3811 36  0.5430 0.0190  0.5040 0.0110  0.5490 0.0550  0.5340 0.0140 -0.09 0.08  9.46 0.54  M0.5   9.334 0.016
Gl 685          17 35 34.4688 +61 40 53.904  3846 61  3844 38  0.5410 0.0190  0.5430 0.0120  0.5870 0.0590  0.5760 0.0140  0.10 0.08  9.43 0.58  M0.8  10.001 0.016
Gl 687          17 36 25.9272 +68 20 21.552  3439 60  3522 34  0.4140 0.0150  0.3940 0.0080  0.4050 0.0410  0.4180 0.0100  0.05 0.08  9.47 0.58  M3.2   9.182 0.016
Gl 686          17 37 53.3136 +18 35 29.652  3657 60  3678 29  0.4240 0.0150  0.4180 0.0090  0.4420 0.0440  0.4450 0.0100 -0.25 0.08  9.41 0.57  M1.2   9.603 0.016
Gl 694          17 43 55.9632 +43 22 43.320  3464 61  3572 36  0.4400 0.0170  0.4120 0.0100  0.4300 0.0430  0.4400 0.0110  0.00 0.08  9.46 0.56  M2.6  10.511 0.016
Gl 699          17 57 48.5232 +04 41 31.020  3228 60  3269 29  0.1863 0.0071  0.1810 0.0040  0.1550 0.0150  0.1620 0.0040 -0.40 0.08  9.39 0.61  M4.2   9.527 0.016
GJ 4040         17 57 50.9616 +46 35 18.816  3470 60  3514 37  0.3960 0.0180  0.3830 0.0130  0.4000 0.0400  0.4060 0.0160  0.04 0.08  9.45 0.59  M3.2  11.770 0.016
PM I18007+2933  18 00 45.4392 +29 33 56.808  3509 61  3648 21  0.4640 0.0180  0.4280 0.0080  0.4550 0.0460  0.4580 0.0090 -0.06 0.03  9.50 0.56  M2.2  12.538 0.016
PM I18046+1354  18 04 38.7096 +13 54 14.328  3375 61  3412 23  0.2730 0.0110  0.2660 0.0070  0.2470 0.0250  0.2630 0.0090 -0.21 0.08  9.39 0.61  M3.0  13.227 0.016
Gl 701          18 05 07.5576 -03 01 52.572  3614 60  3701 26  0.4590 0.0160  0.4370 0.0080  0.4710 0.0470  0.4640 0.0090 -0.22 0.08  9.51 0.54  M1.3   9.389 0.016
Gl 709          18 16 31.0920 +45 33 28.116  3785 60  3881 40  0.5570 0.0210  0.5280 0.0120  0.5830 0.0580  0.5580 0.0150 -0.07 0.08  9.46 0.55  M0.6  10.296 0.016
GJ 4065         18 36 19.2336 +13 36 26.424  3223 61  3339 32  0.2910 0.0130  0.2690 0.0080  0.2470 0.0250  0.2620 0.0100  0.04 0.08  9.36 0.59  M4.1  12.477 0.016
GJ 1230A        18 41 09.7704 +24 47 14.352  3232 60  3365 31  0.3720 0.0170  0.3410 0.0130  0.3410 0.0340  0.3480 0.0160  0.24 0.08  9.55 0.60  M4.3  12.205 0.016
GJ 4070         18 41 59.0400 +31 49 49.764  3400 61  3538 29  0.3940 0.0190  0.3590 0.0130  0.3690 0.0370  0.3800 0.0160 -0.16 0.08  9.38 0.59  M2.8  11.358 0.016
Gl 725A         18 42 46.7736 +59 37 48.540  3441 60  3517 22  0.3510 0.0130  0.3340 0.0060  0.3340 0.0330  0.3490 0.0080 -0.23 0.08  9.47 0.60  M3.0   8.897 0.016
Gl 725B         18 42 46.9920 +59 37 35.724  3345 60  3421 29  0.2730 0.0110  0.2590 0.0060  0.2480 0.0250  0.2550 0.0080 -0.30 0.08  9.41 0.61  M3.5   9.733 0.016
PM I18453+1851  18 45 22.9392 +18 51 58.464  3214 60  3273 23  0.2170 0.0087  0.2090 0.0040  0.1840 0.0180  0.1920 0.0050 -0.13 0.08  9.38 0.61  M4.4  13.727 0.017
Gl 729          18 49 49.3368 -23 50 10.320  3240 60  3252 21  0.2008 0.0076  0.1990 0.0030  0.1700 0.0170  0.1810 0.0040 -0.18 0.08  9.44 0.57  M4.1  10.528 0.016
Gl 740          18 58 00.1392 +05 54 29.844  3834 60  3872 41  0.5700 0.0200  0.5580 0.0130  0.6040 0.0600  0.5910 0.0140  0.14 0.08  9.48 0.57  M0.7   9.247 0.016
Gl 745A         19 07 05.5800 +20 53 17.160  3500 60  3516 34  0.3100 0.0120  0.3050 0.0100  0.2960 0.0300  0.3160 0.0130 -0.33 0.08  9.50 0.59  M2.1  10.780 0.016
Gl 745B         19 07 13.2192 +20 52 37.416  3494 62  3532 34  0.3230 0.0140  0.3140 0.0110  0.3030 0.0300  0.3270 0.0140 -0.35 0.08  9.54 0.61  M2.1  10.736 0.016
Gl 752A         19 16 55.2768 +05 10 08.724  3558 60  3619 34  0.4740 0.0160  0.4570 0.0100  0.4750 0.0470  0.4880 0.0110  0.10 0.08  9.45 0.56  M2.6   9.141 0.016
GJ 1236         19 22 02.0424 +07 02 30.840  3335 61  3365 29  0.2338 0.0093  0.2290 0.0060  0.2060 0.0210  0.2170 0.0060 -0.29 0.08  9.45 0.59  M3.3  12.388 0.016
PM I19321-1119  19 32 08.1096 -11 19 57.288  3211 60  3299 14  0.2580 0.0100  0.2440 0.0040  0.2220 0.0220  0.2300 0.0060  0.05 0.03  9.40 0.61  M4.1  13.894 0.016
GJ 1245B        19 53 55.1448 +44 24 54.288  2859 60  2919 34  0.1430 0.0069  0.1360 0.0040  0.1030 0.0100  0.1100 0.0040 -0.05 0.08  9.49 0.60  M5.9  13.957 0.016
Gl 777B         20 03 26.5800 +29 51 59.472  3144 60  3190 31  0.2084 0.0097  0.2020 0.0070  0.1760 0.0180  0.1820 0.0070  0.06 0.08  9.39 0.60  M4.4  14.405 0.018
Gl 783.2B       20 11 13.2576 +16 11 07.980  3217 61  3330 26  0.2510 0.0160  0.2290 0.0120  0.2120 0.0210  0.2150 0.0150 -0.15 0.03  9.36 0.61  M4.0  13.991 0.016
PM I20167+5017  20 16 43.9608 +50 17 14.208  3559 60  3541 36  0.4170 0.0160  0.4190 0.0120  0.4210 0.0420  0.4470 0.0130  0.14 0.08  9.36 0.59  M2.7  12.961 0.016
GJ 1253         20 26 05.2872 +58 34 22.548  3045 60  3084 33  0.1831 0.0097  0.1770 0.0070  0.1500 0.0150  0.1520 0.0080  0.14 0.08  9.41 0.61  M4.7  14.167 0.017
Gl 806          20 45 04.0800 +44 29 56.508  3542 61  3640 30  0.4430 0.0180  0.4160 0.0110  0.4320 0.0430  0.4440 0.0130 -0.15 0.08  9.47 0.59  M2.0  10.721 0.016
PM I20525-1658  20 52 33.0312 -16 58 29.064  3205 60  3317 32  0.2660 0.0120  0.2460 0.0080  0.2240 0.0220  0.2340 0.0090 -0.02 0.08  9.41 0.62  M4.0  11.462 0.016
Gl 809          20 53 19.7904 +62 09 16.200  3791 60  3846 37  0.5290 0.0170  0.5150 0.0100  0.5810 0.0580  0.5460 0.0130 -0.06 0.08  9.39 0.54  M1.0   8.566 0.016
Gl 811.1        20 56 46.6032 -10 26 54.060  3473 61  3545 46  0.4560 0.0280  0.4310 0.0220  0.4520 0.0450  0.4600 0.0250  0.16 0.08  9.42 0.57  M2.8  11.490 0.016
Gl 820B         21 06 55.2312 +38 44 31.272  4021 74  4126 36  0.6020 0.0230  0.5740 0.0100  0.6410 0.0640  0.6000 0.0140 -0.22 0.08  9.43 0.52  K7.3   6.066 0.016
Gl 821          21 09 17.4024 -13 18 08.028  3545 60  3620 33  0.3690 0.0160  0.3520 0.0110  0.3560 0.0360  0.3720 0.0140 -0.45 0.08  9.43 0.58  M1.4  10.901 0.016
Gl 838.3 B      21 51 53.8896 +42 20 39.300  3771 61  3871 43  0.5570 0.0230  0.5250 0.0140  0.5790 0.0580  0.5560 0.0170 -0.07 0.08  9.41 0.57  M0.5  11.482 0.016
Gl 846          22 02 10.2912 +01 24 00.972  3848 60  3875 40  0.5460 0.0190  0.5380 0.0120  0.5900 0.0590  0.5710 0.0150  0.02 0.08  9.43 0.54  M0.6   9.179 0.016
Gl 849          22 09 40.3128 -04 38 26.628  3530 60  3537 32  0.4700 0.0180  0.4670 0.0110  0.4820 0.0480  0.4950 0.0110  0.37 0.08  9.40 0.58  M3.1  10.409 0.016
GJ 4269         22 16 02.5896 +54 39 59.508  3226 63  3360 31  0.2890 0.0120  0.2650 0.0070  0.2460 0.0250  0.2590 0.0080 -0.04 0.08  9.39 0.63  M4.1  13.971 0.018
PM I22290+0139  22 29 05.8584 +01 39 48.276  3903 60  3924 56  0.5750 0.0300  0.5690 0.0190  0.6200 0.0620  0.6040 0.0210  0.13 0.08  9.41 0.53  M0.4  10.528 0.016
Gl 864          22 36 09.6816 -00 50 29.724  3916 61  3976 52  0.6000 0.0260  0.5770 0.0170  0.6440 0.0640  0.6120 0.0180  0.07 0.08  9.46 0.52  M0.6  10.002 0.016
Gl 875          22 50 19.4304 -07 05 24.432  3740 61  3836 46  0.5630 0.0240  0.5290 0.0150  0.5780 0.0580  0.5620 0.0160  0.02 0.08  9.44 0.53  M0.2   9.866 0.016
Gl 876          22 53 16.6992 -14 15 48.996  3247 60  3384 32  0.3630 0.0140  0.3330 0.0080  0.3280 0.0330  0.3410 0.0100  0.17 0.08  9.51 0.58  M3.7  10.183 0.016
Gl 880          22 56 34.8408 +16 33 12.492  3720 60  3760 35  0.5490 0.0180  0.5370 0.0100  0.5740 0.0570  0.5700 0.0110  0.21 0.08  9.46 0.52  M1.5   8.666 0.016
Gl 887          23 05 52.0392 -35 51 11.052  3688 86  3715 33  0.4680 0.0220  0.4610 0.0090  0.4950 0.0490  0.4910 0.0110 -0.06 0.08  9.46 0.58  M1.1   7.339 0.016
PM I23099+1425W 23 09 54.8952 +14 25 35.004  4013 62  4148 43  0.6430 0.0220  0.6020 0.0120  0.6800 0.0680  0.6370 0.0160 -0.05 0.08  9.45 0.50  K7.4  10.239 0.016
Gl 894.1        23 18 17.9232 +46 17 21.372  3910 60  3953 63  0.5890 0.0350  0.5780 0.0190  0.6440 0.0640  0.6140 0.0210  0.13 0.08  9.41 0.51  M0.7  10.922 0.016
GJ 4333         23 21 37.4712 +17 17 26.052  3324 60  3432 36  0.4160 0.0200  0.3860 0.0150  0.3910 0.0390  0.4040 0.0170  0.24 0.08  9.46 0.57  M3.9  11.765 0.016
Gl 895          23 24 30.5136 +57 51 15.660  3764 60  3746 35  0.5390 0.0200  0.5450 0.0120  0.5850 0.0580  0.5780 0.0120  0.31 0.08  9.41 0.57  M1.4  10.043 0.016
Gl 896A         23 31 52.1568 +19 56 14.172  3353 60  3491 35  0.4090 0.0160  0.3740 0.0100  0.3790 0.0380  0.3940 0.0120  0.03 0.08  9.53 0.57  M3.8  10.195 0.016
Gl 896B         23 31 52.5360 +19 56 13.884  3072 60  3309 32  0.3030 0.0130  0.2590 0.0080  0.2400 0.0240  0.2480 0.0090  0.03 0.08  9.40 0.63  M4.9  12.096 0.016
Gl 905          23 41 55.0056 +44 10 38.928  2930 60  3043 25  0.1894 0.0079  0.1750 0.0030  0.1450 0.0150  0.1470 0.0040  0.23 0.08  9.42 0.63  M5.2  12.372 0.017
GJ 1288         23 42 52.7352 +30 49 21.828  3113 60  3172 26  0.1864 0.0086  0.1780 0.0050  0.1490 0.0150  0.1570 0.0060 -0.12 0.08  9.40 0.60  M4.7  14.375 0.017
GJ 1289         23 43 06.3144 +36 32 13.200  3173 60  3250 35  0.2380 0.0130  0.2240 0.0110  0.2020 0.0200  0.2060 0.0110  0.05 0.08  9.42 0.61  M4.3  12.652 0.016
Gl 908          23 49 12.4944 +02 24 04.896  3646 60  3704 29  0.4070 0.0140  0.3940 0.0070  0.4080 0.0410  0.4200 0.0080 -0.45 0.08  9.45 0.55  M1.4   9.004 0.016
GJ 4367         23 50 31.5888 -09 33 32.076  3221 60  3287 28  0.3150 0.0150  0.2990 0.0110  0.2750 0.0270  0.2930 0.0150  0.37 0.08  9.41 0.60  M3.9  13.270 0.016
