Name           Coordinates (J2000.0)         Teff  err  Rad   err   [Fe/H] err    Mass err   log_t err
HD 166         00 06 36.7842 +29 01 17.412   5327  39   0.917 0.009   0.08 0.10   0.87 0.04  10.05 0.13
HD 1388        00 17 58.8718 -13 27 20.304   5925  60   1.150 0.120   0.03 0.05   1.06 0.05   9.71 0.21
HD 1326        00 18 22.8865 +44 01 22.647   3567  11   0.386 0.002  -0.36 0.10   0.40 0.01   9.66 0.52
HD 1326B       00 18 25.4981 +44 01 37.639   3218  60   0.192 0.008  -0.30 0.08   0.16 0.02   9.64 0.53
HD 1461        00 18 41.8673 -08 03 10.802   5386  60   1.244 0.030   0.16 0.10   0.93 0.03  10.15 0.05
HIP 1532       00 19 05.5623 -09 57 53.469   4039  41   0.594 0.055  -0.37 0.10   0.58 0.06   9.60 0.53
GJ 1008        00 19 05.5623 -09 57 53.469   4039 241   0.59  0.06   -0.37 0.10
HD 1502        00 19 17.0661 +14 03 17.114   4947  60   4.910 0.610   0.10 0.05   1.33 0.18   9.64 0.19
HIP 1734       00 21 56.0446 -31 24 21.810   3600  60   0.528 0.028   0.27 0.08   0.55 0.06   9.69 0.52
HD 3404        00 36 46.8154 -24 30 03.386   5339  60   2.170 0.260   0.20 0.05   1.15 0.12   9.84 0.16
HD 3458        00 37 22.9483 -19 33 54.098   5101  60   6.880 0.850   0.12 0.05   1.58 0.16   9.39 0.15
HD 3651        00 39 21.8059 +21 15 01.708   5046  86   0.947 0.032   0.15 0.10   0.85 0.04  10.12 0.13
HD 3684        00 39 42.5689 +08 07 22.049   6163  60   2.280 0.280   0.33 0.05   1.55 0.10   9.38 0.09
HD 3795        00 40 32.8167 -23 48 17.526   5380  60   1.470 0.120  -0.54 0.05   0.83 0.02  10.16 0.03
HD 3861        00 41 11.8741 +09 21 18.208   6219  60   1.280 0.130   0.17 0.05   1.21 0.05   9.40 0.22
HD 4203        00 44 41.2002 +20 26 56.137   5582  60   1.560 0.200   0.35 0.05   1.09 0.11   9.91 0.15
HD 4313        00 45 40.3577 +07 50 42.075   4943  60   4.530 0.580   0.19 0.05   1.32 0.17   9.66 0.19
HD 4395        00 46 13.7483 -11 27 08.563   5495  60   2.690 0.300  -0.15 0.05   1.07 0.07   9.85 0.10
HD 4628        00 48 22.9767 +05 16 50.213   4950  14   0.695 0.004  -0.22 0.10   0.75 0.03   9.41 0.44
HD 5133        00 53 01.1349 -30 21 24.890   4921  60   0.750 0.030  -0.06 0.05   0.78 0.04   9.75 0.52
HD 6030        01 01 42.8882 +09 44 45.692   4926  60   4.300 0.580   0.07 0.05   1.26 0.20   9.71 0.25
HIP 4845       01 02 21.1342 -10 25 25.892   3967  01   0.632 0.073  -0.19 0.10   0.59 0.09   9.62 0.52
GJ 3072        01 02 21.1342 -10 25 25.892   3967 301   0.63  0.07   -0.19 0.10
HD 6210        01 04 19.4510 +61 34 48.661   6089  35   4.517 0.152  -0.01 0.10   1.70 0.15   9.21 0.07
HIP 5643       01 12 30.6392 -16 59 56.335   3056  60   0.168 0.009  -0.26 0.08   0.13 0.01   9.61 0.52
HIP 5663       01 12 46.1311 -25 14 08.083   4186  22   0.672 0.055  -0.05 0.10   0.66 0.06   9.58 0.52
HD 7279        01 12 46.1311 -25 14 08.083   4186 222   0.67  0.06   -0.05 0.10
HD 7924        01 21 59.1136 +76 42 37.039   5075  83   0.782 0.026  -0.14 0.10   0.81 0.06   9.71 0.52
HD 8407        01 23 02.6129 -16 33 37.120   4923  60   4.920 0.670  -0.12 0.05   0.97 0.17  10.01 0.23
HD 8553        01 24 53.9442 +18 29 59.756   5054  60   0.800 0.040  -0.01 0.05   0.81 0.04  10.01 0.41
HD 8594        01 25 41.5629 +44 47 11.550   4800  60   5.400 0.730   0.14 0.05   1.26 0.20   9.73 0.24
HD 9625        01 34 16.3438 -06 16 21.328   4946  60   7.260 0.830   0.16 0.05   1.53 0.14   9.46 0.14
HD 10476       01 42 29.7617 +20 16 06.602   5242  12   0.810 0.004  -0.02 0.10   0.88 0.04   9.51 0.42
HIP 8051       01 43 20.1791 +04 19 17.960   3458  60   0.414 0.017  -0.13 0.08   0.40 0.04   9.76 0.51
HD 10700       01 44 04.0834 -15 56 14.926   5290  39   0.815 0.012  -0.48 0.10   0.76 0.04  10.09 0.16
HD 10697       01 44 55.8249 +20 04 59.338   5442  65   1.915 0.052   0.12 0.10   1.09 0.10   9.92 0.12
HD 10780       01 47 44.8346 +63 51 09.004   5398  75   0.819 0.024   0.03 0.10   0.90 0.04   9.36 0.39
HD 10995       01 48 20.8029 +17 01 21.951   5688  60   2.870 0.340   0.10 0.05   1.45 0.19   9.50 0.17
HD 11964A      01 57 09.6077 -10 14 32.734   5013  62   2.143 0.069   0.14 0.10   0.99 0.07  10.09 0.10
Gl 83.1        02 00 12.9590 +13 03 07.010   3080  60   0.187 0.010  -0.16 0.08   0.14 0.01   9.68 0.53
Gl 87          02 12 20.9874 +03 34 32.232   3638  62   0.443 0.017  -0.36 0.08   0.44 0.04   9.74 0.52
HIP 10337      02 13 12.1645 -21 11 47.232   4051  39   0.694 0.072   0.12 0.10   0.65 0.07   9.60 0.53
GJ 1044        02 13 12.1645 -21 11 47.232   4051 239   0.69  0.07    0.12 0.10
HD 13871       02 15 46.0498 +25 46 58.574   6416  60   1.940 0.240   0.27 0.05   1.49 0.10   9.34 0.08
HD 13931       02 16 47.3790 +43 46 22.788   5853  60   1.200 0.120   0.05 0.05   1.04 0.05   9.82 0.12
HD 14655       02 21 38.6363 -15 46 04.735   5755  60   1.970 0.230   0.12 0.05   1.23 0.12   9.70 0.13
HIP 11048      02 22 14.6436 +47 52 48.093   3785  62   0.599 0.021   0.14 0.08   0.61 0.06   9.85 0.49
HD 14787       02 23 14.0539 +10 50 12.285   4946  60   4.450 0.590   0.03 0.05   1.28 0.20   9.67 0.23
HD 14855       02 25 03.7432 +45 38 50.414   5023  60   3.430 0.480   0.03 0.05   1.17 0.21   9.81 0.26
HD 15336       02 27 44.9249 -11 58 44.517   5025  60   4.560 0.570  -0.16 0.05   1.00 0.12   9.97 0.17
HD 16160       02 36 04.8947 +06 53 12.747   4662  17   0.795 0.006  -0.08 0.10   0.77 0.01  10.16 0.04
Gl 105B        02 36 15.3569 +06 52 19.142   3284  60   0.278 0.010  -0.12 0.03   0.25 0.03   9.85 0.51
HIP 12493      02 40 42.8731 +01 11 55.240   4276  93   0.662 0.047  -0.29 0.10   0.64 0.06   9.60 0.52
GJ 9093        02 40 42.8731 +01 11 55.240   4276 193   0.66  0.05   -0.29 0.10
HD 16765       02 41 13.9972 -00 41 44.384   6356  46   1.208 0.029  -0.15 0.10   1.17 0.06   9.32 0.25
HD 16895       02 44 11.9871 +49 13 42.411   6153  25   1.319 0.011   0.00 0.10   1.16 0.05   9.59 0.09
Gl 109         02 44 15.5091 +25 31 24.109   3405  60   0.364 0.014  -0.10 0.08   0.34 0.03   9.72 0.51
HD 17620       02 48 55.7836 -24 36 35.270   5159  60   3.040 0.400  -0.08 0.05   0.96 0.15  10.03 0.20
HD 17156       02 49 44.4873 +71 45 11.630   5970  60   1.510 0.180   0.22 0.05   1.19 0.09   9.67 0.11
HD 18143       02 55 39.0586 +26 52 23.559   5101  60   0.880 0.060   0.27 0.05   0.86 0.04  10.06 0.29
HD 18445       02 57 13.1866 -24 58 30.424   4838  60   0.760 0.030  -0.04 0.05   0.76 0.03  10.09 0.30
HD 18742       03 00 10.6565 -20 48 09.377   4941  60   5.050 0.810  -0.02 0.05   1.20 0.26   9.75 0.30
HD 19373       03 09 04.0199 +49 36 47.800   5832  33   1.415 0.015   0.08 0.10   1.07 0.05   9.88 0.09
HD 19994       03 12 46.4372 -01 11 45.961   5916  98   1.930 0.067   0.17 0.10   1.30 0.10   9.62 0.11
HIP 15095      03 14 44.6243 -26 26 46.494   4227  99   0.653 0.047  -0.21 0.10   0.64 0.06   9.61 0.52
HD 20280       03 14 44.6243 -26 26 46.494   4227 199   0.65  0.05   -0.21 0.10
HD 20367       03 17 40.0469 +31 07 37.361   6094  60   1.100 0.070   0.17 0.05   1.14 0.04   9.18 0.22
HIP 15366      03 18 07.4797 +38 15 07.452   3700  61   0.628 0.031   0.53 0.08   0.64 0.06   9.76 0.51
HD 21019       03 23 17.7009 -07 47 38.751   5261  65   2.421 0.076  -0.41 0.10   0.93 0.07  10.01 0.11
HD 21774       03 31 15.4233 +20 46 05.075   5692  60   1.230 0.130   0.20 0.05   1.02 0.06   9.93 0.13
Gl 144         03 32 55.8449 -09 27 29.731   5077  35   0.735 0.005  -0.06 0.10   0.80 0.03   9.37 0.39
HD 22484       03 36 52.3832 +00 24 05.983   5998  39   1.622 0.024  -0.09 0.10   1.15 0.04   9.71 0.09
HD 22657       03 38 20.4657 -11 12 05.254   4792  60   4.910 0.680   0.07 0.05   1.14 0.20   9.86 0.26
HD 23249       03 43 14.9009 -09 45 48.208   4955  30   2.327 0.029   0.12 0.10   0.98 0.06  10.10 0.09
HD 23825       03 48 21.9366 +10 47 35.021   5588  60   2.480 0.300   0.14 0.05   1.33 0.13   9.62 0.13
HD 24238       03 55 03.8426 +61 10 00.505   4951  60   0.670 0.030  -0.45 0.05   0.69 0.03   9.96 0.48
HD 24892       03 56 28.6676 -25 10 52.830   5341  60   1.630 0.170  -0.30 0.05   0.89 0.05  10.08 0.09
HD 26007       04 06 11.4226 -23 16 47.334   4778  60   6.500 0.970  -0.13 0.05   0.98 0.21  10.00 0.27
HIP 19165      04 06 34.8419 -20 51 11.229   4298  00   0.659 0.047  -0.22 0.10   0.65 0.06   9.56 0.52
GJ 9144        04 06 34.8419 -20 51 11.229   4298 200   0.66  0.05   -0.22 0.10
HD 26161       04 09 38.8555 +31 39 07.663   6033  60   1.470 0.160  -0.01 0.05   1.14 0.06   9.72 0.10
HD 26634       04 12 11.1971 -13 38 13.831   4902  60   4.990 0.640  -0.14 0.05   0.96 0.16  10.02 0.22
HD 26965       04 15 16.3196 -07 39 10.340   5147  14   0.805 0.004  -0.24 0.10   0.79 0.05  10.04 0.18
HD 27496       04 20 44.0069 +08 24 32.370   5561  60   1.490 0.190   0.33 0.05   1.06 0.09   9.95 0.13
HD 27859       04 24 28.3262 +16 53 10.196   6013  60   1.070 0.060   0.21 0.05   1.12 0.04   9.19 0.23
HD 28005       04 27 24.7044 +46 51 11.353   5747  60   1.290 0.150   0.28 0.05   1.08 0.08   9.82 0.14
HD 28343       04 29 00.1239 +21 55 21.718   4124  62   0.687 0.023   0.39 0.08   0.74 0.07   9.77 0.51
HD 232979      04 37 40.9304 +52 53 37.014   3929  60   0.608 0.020  -0.11 0.08   0.65 0.07   9.78 0.51
HIP 21556      04 37 41.8659 -11 02 19.971   3671  61   0.444 0.017  -0.04 0.08   0.47 0.05   9.55 0.52
Gl 176         04 42 55.7749 +18 57 29.399   3679  77   0.453 0.022   0.15 0.10   0.49 0.04   9.60 0.53
HD 30652       04 49 50.4109 +06 57 40.588   6441  19   1.322 0.010   0.00 0.10   1.25 0.05   9.28 0.15
HD 30708       04 51 29.4430 +35 48 54.504   5707  60   1.220 0.130   0.15 0.05   1.01 0.05   9.94 0.11
HIP 22762      04 53 49.9800 -17 46 24.308   3506  60   0.421 0.019  -0.24 0.08   0.41 0.04   9.75 0.51
HD 31253       04 54 43.6537 +12 21 07.900   6027  60   1.720 0.220   0.21 0.05   1.28 0.11   9.60 0.11
HD 31560       04 55 41.9105 -28 33 50.082   4702  60   0.740 0.030   0.13 0.05   0.76 0.03  10.00 0.45
HD 31423       04 56 08.9733 +07 54 16.879   6603  60   2.180 0.270   0.11 0.05   1.57 0.10   9.28 0.06
HD 31451       04 57 50.6025 +39 37 56.555   4921  60   3.800 0.550   0.00 0.05   1.15 0.22   9.84 0.27
HIP 23512      05 03 20.0856 -17 22 24.742   3365  60   0.284 0.013  -0.12 0.08   0.26 0.03   9.75 0.52
HD 33636       05 11 46.4493 +04 24 12.737   5960  60   0.990 0.060  -0.06 0.05   1.04 0.04   9.27 0.29
HD 34411       05 19 08.4742 +40 05 56.583   5774  44   1.331 0.021   0.05 0.10   1.03 0.04   9.92 0.08
HD 35112       05 22 37.4913 +02 36 11.487   4895  60   0.760 0.040  -0.08 0.05   0.76 0.03  10.07 0.37
HIP 25220      05 23 38.3796 +17 19 26.820   4505  79   0.702 0.042   0.05 0.10   0.73 0.06   9.58 0.52
HD 35171       05 23 38.3796 +17 19 26.820   4505 179   0.70  0.04    0.05 0.10
HD 36395       05 31 27.3958 -03 40 38.021   3801   9   0.574 0.004   0.35 0.10   0.60 0.01   9.76 0.49
HD 37213       05 35 41.0836 -27 37 14.976   5447  60   1.590 0.170  -0.40 0.05   0.87 0.06  10.09 0.10
HD 245409      05 36 30.9905 +11 19 40.328   3966  60   0.601 0.020   0.05 0.08   0.65 0.07   9.66 0.52
HD 37124       05 37 02.4861 +20 43 50.837   5604  60   0.760 0.040  -0.45 0.05   0.82 0.04   9.41 0.42
HD 37008       05 38 11.8617 +51 26 44.672   4980  60   0.690 0.030  -0.42 0.05   0.70 0.03   9.99 0.44
HD 37605       05 40 01.7282 +06 03 38.073   5329  60   1.000 0.090   0.27 0.05   0.91 0.04  10.08 0.16
HD 37394       05 41 20.3348 +53 28 51.804   5249  60   0.850 0.050   0.15 0.05   0.89 0.04   9.73 0.49
HD 38467       05 44 39.3593 -29 55 00.019   5753  60   1.430 0.170   0.24 0.05   1.09 0.10   9.86 0.14
HD 38858       05 48 34.9403 -04 05 40.723   5646  45   0.933 0.016  -0.22 0.10   0.91 0.07   9.81 0.28
HD 39094       05 51 59.6970 +37 49 56.860   5432  60   1.830 0.240   0.23 0.05   1.10 0.11   9.92 0.15
HD 39587       05 54 22.9830 +20 16 34.222   5898  25   0.979 0.009  -0.04 0.10   1.04 0.04   9.27 0.28
HD 40537       05 58 35.4410 -21 32 38.015   4962  60   3.070 0.400  -0.09 0.05   0.91 0.17  10.12 0.22
HD 42807       06 13 12.5024 +10 37 37.710   5730  60   0.930 0.050   0.01 0.05   0.99 0.04   9.33 0.34
HD 43162       06 13 45.2954 -23 51 42.973   5617  60   0.890 0.040   0.01 0.05   0.97 0.04   9.33 0.36
HD 45067       06 25 16.5460 -00 56 45.180   5940  60   2.010 0.240  -0.01 0.05   1.22 0.11   9.68 0.12
HD 44985       06 25 20.2445 +11 13 59.684   5984  60   1.090 0.100  -0.02 0.05   1.06 0.05   9.57 0.29
Gl 239         06 37 10.7989 +17 33 53.335   3801  60   0.423 0.015  -0.34 0.08   0.47 0.05   9.49 0.52
HD 48345       06 43 47.1703 +18 39 21.249   4992  60   4.110 0.500   0.20 0.05   1.32 0.16   9.66 0.17
HD 48737       06 45 17.3643 +12 53 44.131   6478  21   2.710 0.021   0.14 0.10   1.70 0.04   9.23 0.03
HD 49933       06 50 49.8310 -00 32 27.180   6635  90   1.420 0.040  -0.39 0.10   1.18 0.09   9.49 0.16
Gl 250B        06 52 18.0500 -05 11 24.200   3481  60   0.460 0.017   0.14 0.03   0.44 0.04   9.69 0.52
HD 265866      06 54 48.9582 +33 16 05.441   3448  60   0.358 0.013  -0.02 0.08   0.35 0.04   9.66 0.52
HD 53927       07 08 04.2389 +29 50 04.185   4899  60   0.700 0.030  -0.29 0.05   0.72 0.04   9.85 0.51
HD 56274       07 15 50.7953 -13 02 58.133   5788  60   0.790 0.050  -0.51 0.05   0.84 0.04   9.48 0.42
HD 57204       07 21 59.8934 +39 57 35.988   5097  60   3.150 0.410   0.21 0.05   1.23 0.15   9.76 0.17
Gl 273         07 27 24.4997 +05 13 32.833   3317  60   0.315 0.012  -0.11 0.08   0.28 0.03   9.85 0.49
HIP 36338      07 28 45.4384 -03 17 53.350   3448  60   0.404 0.019  -0.01 0.08   0.40 0.04   9.69 0.51
HD 58946       07 29 06.7189 +31 47 04.377   6738  55   1.655 0.028  -0.25 0.10   1.32 0.09   9.39 0.11
HIP 36551      07 31 07.7116 +14 36 50.915   4395  93   0.669 0.046  -0.30 0.10   0.66 0.06   9.63 0.52
HD 59582       07 31 07.7116 +14 36 50.915   4395 193   0.67  0.05   -0.30 0.10
HIP 36834      07 34 27.4331 +62 56 29.359   3681  60   0.385 0.016  -0.37 0.08   0.40 0.04   9.62 0.52
HIP 37217      07 38 40.9564 -21 13 28.505   3358  60   0.315 0.016  -0.18 0.08   0.29 0.03   9.81 0.51
HD 61606       07 39 59.3286 -03 35 51.027   4918  60   0.770 0.030   0.09 0.05   0.81 0.04   9.81 0.51
HD 61995       07 43 47.2175 +43 47 40.743   4989  60   3.900 0.580  -0.04 0.05   0.99 0.22  10.00 0.28
HD 63754       07 49 45.2642 -20 12 27.450   6033  60   1.950 0.240   0.24 0.05   1.38 0.10   9.54 0.08
HD 64413       07 53 51.7846 +00 19 53.251   4906  60   7.800 1.110  -0.15 0.05   1.10 0.19   9.81 0.22
HD 66428       08 03 28.6672 -01 09 45.750   5670  60   1.180 0.120   0.23 0.05   1.02 0.06   9.91 0.15
HIP 40375      08 14 35.9143 +13 01 22.174   4334  09   0.711 0.052   0.03 0.10   0.70 0.06   9.55 0.52
HD 68834       08 14 35.9143 +13 01 22.174   4334 209   0.71  0.05    0.03 0.10
GJ 2066        08 16 07.9813 +01 18 09.266   3500  60   0.461 0.017  -0.12 0.08   0.45 0.04   9.78 0.51
HD 68988       08 18 22.1730 +61 27 38.590   5866  60   1.230 0.140   0.31 0.05   1.13 0.06   9.63 0.21
HD 69897       08 20 03.8616 +27 13 03.742   6130  58   1.387 0.028  -0.26 0.10   1.07 0.08   9.73 0.12
HIP 40910      08 20 55.3291 +14 04 16.798   4159  28   0.633 0.053  -0.06 0.10   0.64 0.06   9.60 0.52
GJ 3494        08 20 55.3291 +14 04 16.798   4159 228   0.63  0.05   -0.06 0.10
HD 69960       08 22 16.1006 +56 50 11.243   5600  60   1.580 0.200   0.28 0.05   1.08 0.10   9.93 0.14
HD 72687       08 33 15.3792 -29 57 23.719   5795  60   0.950 0.050   0.03 0.05   1.02 0.04   9.26 0.31
HD 72490       08 33 36.6521 +13 33 02.838   4935  60   4.030 0.540  -0.11 0.05   0.93 0.18  10.07 0.24
HD 72760       08 34 31.6500 -00 43 33.864   5293  60   0.840 0.050   0.09 0.05   0.89 0.04   9.67 0.47
HD 72440       08 35 01.0820 +50 28 19.208   5599  60   2.300 0.300  -0.01 0.05   1.09 0.16   9.84 0.18
HD 74390       08 45 21.4078 +42 24 13.821   4874  60   4.500 0.570   0.19 0.05   1.26 0.17   9.74 0.20
HD 75732       08 52 35.8109 +28 19 50.951   5172  18   0.943 0.010   0.35 0.10   0.88 0.02  10.10 0.09
HD 77818       09 07 26.1408 +58 52 30.170   4777  60   4.340 0.620  -0.01 0.05   1.07 0.19   9.95 0.26
HD 79210       09 14 22.7915 +52 41 11.721   3907  35   0.577 0.013  -0.18 0.10   0.58 0.02   9.85 0.51
Gl 338B        09 14 24.6788 +52 41 10.919   3867  37   0.567 0.014  -0.15 0.10   0.57 0.02   9.82 0.50
HD 80367       09 19 28.3123 +00 53 49.418   5073  60   0.830 0.040   0.04 0.05   0.81 0.03  10.08 0.27
HIP 45839      09 20 44.3171 -05 45 14.302   4426  98   0.714 0.050   0.05 0.10   0.72 0.06   9.61 0.52
HD 80632       09 20 44.3171 -05 45 14.302   4426 198   0.71  0.05    0.05 0.10
HD 80606       09 22 37.5769 +50 36 13.430   5525  60   1.130 0.110   0.29 0.05   0.98 0.05   9.98 0.15
HIP 46769      09 31 56.3329 +36 19 12.824   3692  60   0.518 0.021  -0.20 0.08   0.53 0.05   9.72 0.52
HD 82885       09 35 39.5034 +35 48 36.487   5376  43   1.003 0.016   0.32 0.10   0.92 0.05  10.04 0.15
HIP 47201      09 37 11.3404 +22 41 38.910   4207  12   0.696 0.054   0.03 0.10   0.67 0.06   9.63 0.52
GJ 1127        09 37 11.3404 +22 41 38.910   4207 212   0.70  0.05    0.03 0.10
HIP 47513      09 41 10.3605 +13 12 34.423   3500  60   0.485 0.019  -0.05 0.08   0.47 0.05   9.83 0.49
HD 84737       09 48 35.3709 +46 01 15.631   5872  60   1.550 0.190   0.14 0.05   1.13 0.09   9.80 0.12
HIP 48411      09 52 11.3626 +03 13 18.635   4357  99   0.742 0.072   0.20 0.10   0.72 0.07   9.62 0.52
HD 85488       09 52 11.3626 +03 13 18.635   4357 199   0.74  0.07    0.20 0.10
HD 86081       09 56 05.9184 -03 48 30.326   5939  60   1.520 0.180   0.23 0.05   1.19 0.09   9.69 0.11
HD 86728       10 01 00.6577 +31 55 25.215   5619  44   1.247 0.021   0.19 0.10   0.98 0.06  10.03 0.11
HD 87424       10 04 37.6589 -11 43 46.920   5017  60   0.760 0.030  -0.05 0.05   0.81 0.04   9.66 0.51
HD 87883       10 08 43.1400 +34 14 32.133   4942  60   0.780 0.040   0.13 0.05   0.81 0.04   9.92 0.48
HD 88133       10 10 07.6765 +18 11 12.727   5392  60   2.020 0.240   0.33 0.05   1.18 0.10   9.82 0.12
HD 88230       10 11 22.1405 +49 27 15.257   4085  14   0.640 0.005  -0.16 0.10   0.63 0.01  10.14 0.09
Gl 382         10 12 17.6691 -03 44 44.397   3623  60   0.522 0.019   0.13 0.08   0.53 0.05   9.75 0.52
HD 88654       10 13 16.4274 -08 26 43.985   5197  60   2.940 0.370   0.19 0.05   1.24 0.15   9.73 0.16
HIP 51007      10 25 10.8371 -10 13 43.292   3700  60   0.497 0.020  -0.02 0.08   0.52 0.05   9.63 0.53
Gl 393         10 28 55.5509 +00 50 27.622   3548  60   0.420 0.016  -0.18 0.08   0.43 0.04   9.66 0.52
HD 93396       10 46 49.7407 -09 23 56.487   5327  60   2.460 0.310   0.31 0.05   1.25 0.14   9.74 0.14
HD 95088       10 59 17.9412 +43 52 24.199   5103  60   2.670 0.310   0.28 0.05   1.19 0.12   9.81 0.15
HD 95526       11 02 08.5790 +43 43 15.989   4832  60   4.250 0.650  -0.06 0.05   1.05 0.22   9.96 0.27
HD 95735       11 03 20.1940 +35 58 11.568   3464  15   0.392 0.003  -0.41 0.10   0.40 0.01   9.91 0.47
Gl 412A        11 05 28.5780 +43 31 36.391   3497  39   0.398 0.009  -0.40 0.10   0.41 0.02   9.73 0.52
HD 96612       11 08 14.0146 +38 25 35.874   4862  60   0.730 0.030  -0.11 0.05   0.75 0.04   9.90 0.50
HD 97214       11 11 10.7008 -10 57 03.192   4357 197   0.58  0.04   -0.89 0.10
HIP 54810      11 13 13.2345 +04 28 56.437   4395  85   0.681 0.044   0.03 0.10   0.70 0.06   9.58 0.52
HD 97503       11 13 13.2345 +04 28 56.437   4395 185   0.68  0.04    0.03 0.10
HD 100623      11 34 29.4871 -32 49 52.831   5140  60   0.720 0.040  -0.36 0.05   0.75 0.04   9.81 0.50
HD 101501      11 41 03.0163 +34 12 05.884   5309  27   0.940 0.010  -0.03 0.10   0.84 0.03  10.14 0.05
HIP 57050      11 41 44.6335 +42 45 07.108   3304  61   0.376 0.018   0.07 0.08   0.34 0.03   9.78 0.51
HIP 57087      11 42 11.0932 +26 42 23.653   3416  53   0.455 0.018   0.04 0.10   0.45 0.03   9.62 0.52
HD 101904      11 44 00.2808 +64 57 51.112   5883  60   1.540 0.190   0.12 0.05   1.12 0.09   9.80 0.11
HD 102195      11 45 42.2928 +02 49 17.324   5277  60   0.850 0.050   0.10 0.05   0.89 0.04   9.74 0.49
HD 102444      11 47 31.4628 -05 15 49.034   5227  60   2.670 0.390   0.00 0.05   1.02 0.21   9.98 0.27
HIP 57548      11 47 44.3974 +00 48 16.395   3192  60   0.197 0.008  -0.02 0.08   0.17 0.02   9.62 0.53
HD 102956      11 51 22.5109 +57 38 26.642   4985  60   3.790 0.470   0.26 0.05   1.30 0.15   9.70 0.17
HD 103459      11 54 51.9581 -01 27 05.352   5722  60   1.710 0.210   0.24 0.05   1.15 0.12   9.81 0.15
HD 103890      11 57 46.1866 -08 16 31.003   6120  60   1.430 0.160   0.03 0.05   1.17 0.07   9.63 0.09
HD 104437      12 01 40.8069 +39 35 11.718   5761  60   1.030 0.090   0.17 0.05   1.03 0.04   9.64 0.35
HD 106088      12 12 24.6507 +19 48 03.677   5470  60   2.070 0.260   0.34 0.05   1.23 0.12   9.75 0.13
HIP 59748      12 15 08.8430 +48 43 57.258   3900  61   0.669 0.038   0.14 0.08   0.70 0.07   9.84 0.51
HIP 60093      12 19 24.0908 +28 22 56.538   3993  60   0.643 0.037   0.46 0.08   0.70 0.07   9.58 0.52
HD 107181      12 19 27.3407 -26 06 26.537   5628  60   1.640 0.210   0.31 0.05   1.13 0.12   9.86 0.15
HD 107383      12 20 43.0265 +17 47 34.333   4705  24   15.7810.344  -0.30 0.10   1.29 0.10   9.56 0.09
HD 108189      12 25 40.5828 -00 16 55.842   5373  60   2.890 0.410   0.03 0.05   1.15 0.21   9.81 0.23
HD 108863      12 30 19.9097 +21 56 53.679   4878  60   5.590 0.660   0.20 0.05   1.37 0.14   9.61 0.15
HD 109159      12 32 41.2303 -17 13 14.455   5151  60   2.570 0.320  -0.08 0.05   0.93 0.13  10.09 0.17
HD 109749      12 37 16.3781 -40 48 43.619   5825  60   1.310 0.150   0.24 0.05   1.10 0.08   9.78 0.13
HIP 61706      12 38 52.4401 +11 41 46.177   3463  60   0.466 0.025   0.26 0.08   0.47 0.05   9.64 0.53
HD 110463      12 41 44.5223 +55 43 28.821   4906  60   0.760 0.030   0.06 0.05   0.80 0.04   9.73 0.52
HD 110537      12 42 59.3254 -04 02 57.594   5718  60   1.140 0.110   0.08 0.05   0.99 0.04   9.92 0.13
HD 110743      12 43 54.3641 +34 20 37.381   5198  60   0.840 0.050   0.01 0.05   0.84 0.04   9.98 0.40
HD 110833      12 44 14.5451 +51 45 33.488   4999  60   0.800 0.040   0.18 0.05   0.83 0.04   9.86 0.50
HD 111631      12 50 43.5668 -00 46 05.268   3989  60   0.646 0.020   0.24 0.08   0.70 0.07   9.79 0.51
HD 111814      12 51 45.5619 +19 13 43.805   5646  60   1.940 0.240   0.22 0.05   1.20 0.11   9.76 0.14
HD 112415      12 56 21.1633 +06 53 35.235   5574  60   1.230 0.130   0.28 0.05   1.00 0.06   9.99 0.13
HD 112914      12 59 32.7821 +41 59 12.350   4816  60   0.700 0.030  -0.26 0.05   0.71 0.03  10.00 0.45
HD 114659      13 11 48.7133 +12 43 49.576   4838  60   5.450 0.720   0.17 0.05   1.34 0.20   9.64 0.22
HD 115617      13 18 24.3143 -18 18 40.305   5538  13   0.987 0.005   0.01 0.10   0.92 0.04   9.97 0.07
HIP 65016      13 19 40.1257 +33 20 47.507   3650  60   0.598 0.025   0.40 0.08   0.60 0.06   9.87 0.50
HD 116442      13 23 39.1538 +02 43 23.975   5155  60   0.720 0.040  -0.38 0.05   0.74 0.04   9.88 0.49
HD 117176      13 28 25.8086 +13 46 43.637   5406  64   1.968 0.047  -0.06 0.10   0.97 0.10  10.02 0.13
Gl 514         13 29 59.7862 +10 22 37.791   3727  61   0.483 0.016  -0.09 0.08   0.53 0.05   9.54 0.52
HIP 66222      13 34 21.5021 +04 40 02.636   3904  66   0.667 0.087  -0.11 0.10   0.59 0.08   9.62 0.52
GJ 1172        13 34 21.5021 +04 40 02.636   3904 266   0.67  0.09   -0.11 0.10
HD 119850      13 45 43.7767 +14 53 29.463   3618  31   0.484 0.008  -0.30 0.10   0.50 0.02   9.84 0.49
HD 120136      13 47 15.7434 +17 27 24.855   6620  67   1.331 0.027   0.24 0.10   1.31 0.03   9.07 0.11
HD 122253      13 59 41.5201 +42 02 59.302   5007  60   3.780 0.520   0.03 0.05   1.24 0.21   9.72 0.25
HD 122973      14 05 10.6901 -09 02 54.622   5989  60   1.070 0.060   0.20 0.05   1.12 0.04   9.20 0.25
HD 123239      14 06 45.0749 -14 05 42.959   4795  60   5.960 0.890  -0.05 0.05   1.18 0.24   9.78 0.29
HD 124257A     14 11 00.9884 +50 15 08.337   5911  60   1.460 0.160   0.15 0.05   1.13 0.08   9.76 0.11
HD 125607      14 19 27.2091 +37 36 35.882   4985  60   3.910 0.510   0.10 0.05   1.26 0.18   9.71 0.22
HD 126660      14 25 11.7970 +51 51 02.677   6211  19   1.734 0.011  -0.02 0.10   1.31 0.05   9.53 0.06
HD 126583      14 25 58.2549 +13 25 59.746   5482  60   0.880 0.060   0.00 0.05   0.92 0.04   9.65 0.45
HIP 71253      14 34 16.8118 -12 31 10.397   3211  60   0.310 0.013   0.17 0.08   0.27 0.03   9.89 0.49
HD 128311      14 36 00.5603 +09 44 47.463   4918  60   0.790 0.040   0.19 0.05   0.81 0.04   9.95 0.49
HD 130048      14 46 13.5035 -07 47 49.035   4964  60   6.290 0.710   0.28 0.05   1.52 0.13   9.47 0.13
HD 130307      14 47 16.1009 +02 42 11.610   4985  60   0.740 0.040  -0.13 0.05   0.78 0.04   9.74 0.51
HD 130948      14 50 15.8106 +23 54 42.641   5787  57   1.112 0.023  -0.05 0.10   0.99 0.05   9.86 0.13
HD 131156      14 51 23.3799 +19 06 01.699   5483  32   0.863 0.011  -0.14 0.10   0.91 0.05   9.62 0.40
HD 131511      14 53 23.7667 +19 09 10.081   5259  60   0.860 0.060   0.13 0.05   0.88 0.04   9.90 0.46
HD 131582      14 53 41.5706 +23 20 42.690   4728  60   0.670 0.030  -0.33 0.05   0.68 0.03  10.00 0.46
HD 132254      14 56 23.0404 +49 37 42.420   6157  60   1.550 0.190   0.16 0.05   1.26 0.08   9.56 0.08
Gl 570B        14 57 26.5333 -21 24 41.578   4507  58   0.739 0.019   0.02 0.10   0.73 0.03  10.00 0.48
HD 133125      15 02 19.1249 +19 23 26.140   5506  60   0.860 0.060  -0.13 0.05   0.89 0.04   9.71 0.44
HD 135101A     15 12 43.4807 +19 17 09.743   5677  60   1.280 0.140   0.04 0.05   0.98 0.05  10.01 0.09
HD 238433      15 13 37.9771 +57 11 29.881   4936  60   4.910 0.730   0.00 0.05   1.24 0.26   9.70 0.29
HD 135872      15 17 41.2123 -05 12 08.707   4992  60   3.370 0.460   0.12 0.05   1.16 0.20   9.84 0.25
HD 136202      15 19 18.7971 +01 45 55.468   5661  87   2.143 0.067  -0.04 0.10   1.11 0.13   9.82 0.16
HIP 74995      15 19 26.8230 -07 43 20.210   3442  54   0.299 0.010  -0.10 0.10   0.30 0.02   9.61 0.53
HD 137778      15 28 12.2107 -09 21 28.294   5128  60   0.830 0.050   0.27 0.05   0.89 0.04   9.66 0.50
HD 143761      16 01 02.6617 +33 18 12.633   5627  54   1.362 0.026  -0.22 0.10   0.96 0.06   9.96 0.10
HD 144872      16 06 29.5992 +38 37 56.065   4781  60   0.690 0.030  -0.25 0.05   0.70 0.03   9.97 0.47
HD 145675      16 10 24.3145 +43 49 03.522   5518  02   0.867 0.032   0.44 0.10   0.98 0.04   9.27 0.36
Gl 625         16 25 24.6232 +54 18 14.762   3475  60   0.331 0.012  -0.35 0.08   0.32 0.03   9.75 0.51
HD 148284      16 25 48.4157 +30 15 54.460   5572  60   1.800 0.240   0.16 0.05   1.11 0.12   9.88 0.16
Gl 628         16 30 18.0584 -12 39 45.325   3272  60   0.325 0.012  -0.03 0.08   0.29 0.03   9.85 0.48
HD 150706      16 31 17.5829 +79 47 23.198   5949  60   1.000 0.050   0.02 0.05   1.06 0.04   9.19 0.24
HD 234314      16 32 31.7170 +50 11 03.301   5566  60   1.470 0.180   0.14 0.05   1.00 0.06  10.03 0.10
HD 149750      16 35 14.6425 +37 01 19.663   5802  60   1.450 0.180   0.19 0.05   1.09 0.10   9.85 0.14
HD 149661      16 36 21.4498 -02 19 28.520   5337  41   0.759 0.012   0.04 0.10   0.85 0.03   9.22 0.29
HD 152733      16 52 57.2144 +44 24 08.632   4835  60   5.260 0.690   0.16 0.05   1.30 0.18   9.69 0.21
HD 152581      16 53 43.5826 +11 58 25.490   5027  60   3.710 0.410  -0.21 0.05   0.94 0.06  10.06 0.11
HD 153525      16 57 42.2279 +47 21 43.714   4826  60   0.740 0.030   0.03 0.05   0.78 0.04   9.83 0.51
HIP 83043      16 58 08.8496 +25 44 38.973   3590  45   0.539 0.016  -0.04 0.10   0.52 0.02   9.89 0.48
HD 155456      17 10 37.6094 +24 31 56.770   5225  60   0.910 0.070   0.26 0.05   0.88 0.04  10.02 0.33
HD 155413      17 11 58.6347 -14 37 13.365   5740  60   2.470 0.280   0.27 0.05   1.42 0.11   9.55 0.11
HD 155712      17 12 37.6226 +18 21 04.307   4911  60   0.750 0.040  -0.07 0.05   0.77 0.04   9.91 0.49
HD 156846      17 20 34.3110 -19 20 01.492   5999  60   1.880 0.230   0.24 0.05   1.35 0.12   9.56 0.11
HD 157214      17 20 39.5670 +32 28 03.680   5738  48   1.116 0.019  -0.37 0.10   0.87 0.06  10.04 0.11
HD 158633      17 25 00.0975 +67 18 24.148   5203  46   0.789 0.014  -0.41 0.10   0.77 0.05  10.03 0.33
HD 157881      17 25 45.2323 +02 06 41.122   4124  60   0.649 0.020   0.19 0.08   0.71 0.07   9.65 0.52
Gl 687         17 36 25.8993 +68 20 20.907   3413  28   0.418 0.007  -0.09 0.10   0.43 0.01   9.59 0.52
Gl 686         17 37 53.3469 +18 35 30.161   3657  60   0.424 0.015  -0.25 0.08   0.44 0.04   9.63 0.53
Gl 694         17 43 55.9626 +43 22 42.998   3464  61   0.440 0.017   0.00 0.08   0.43 0.04   9.72 0.52
HD 161479      17 45 02.9275 +19 17 25.650   5642  60   1.150 0.120   0.28 0.05   1.03 0.06   9.86 0.17
HD 161797      17 46 27.5267 +27 43 14.438   5502  55   1.745 0.035   0.23 0.10   1.08 0.05   9.93 0.07
HD 162232      17 49 57.0555 +00 30 43.305   5492  60   1.030 0.100   0.14 0.05   0.92 0.04  10.04 0.16
Gl 699         17 57 48.4980 +04 41 36.207   3222  10   0.187 0.001  -0.39 0.10   0.16 0.00   9.61 0.54
HD 164259      18 00 29.0114 -03 41 24.969   6454  13   1.961 0.071  -0.03 0.10   1.43 0.07   9.40 0.08
HD 164922      18 02 30.8624 +26 18 46.805   5341  60   0.950 0.080   0.15 0.05   0.88 0.04  10.07 0.18
HD 165222      18 05 07.5789 -03 01 52.757   3614  60   0.459 0.016  -0.22 0.08   0.47 0.05   9.70 0.52
Gl 702A        18 05 27.3710 +02 29 59.320   5407  52   0.831 0.004   0.03 0.10   0.92 0.03   9.30 0.35
Gl 702B        18 05 27.4210 +02 29 56.420   4393  49   0.670 0.009   0.03 0.10   0.71 0.03   9.61 0.52
HD 168151      18 13 53.8333 +64 23 50.233   6221  39   1.758 0.022  -0.28 0.10   1.19 0.10   9.60 0.11
HD 168443      18 20 03.9305 -09 35 44.590   5551  60   1.480 0.180   0.04 0.05   0.98 0.06  10.05 0.10
HD 170657      18 31 18.9610 -18 54 31.730   5041  60   0.760 0.040  -0.12 0.05   0.79 0.04   9.81 0.50
HD 172051      18 38 53.4005 -21 03 06.737   5636  60   0.830 0.040  -0.26 0.05   0.89 0.04   9.34 0.37
HIP 91699      18 41 59.0343 +31 49 49.764   3400  61   0.394 0.019  -0.16 0.08   0.37 0.04   9.75 0.51
HD 173739      18 42 46.7037 +59 37 49.367   3407  15   0.356 0.004  -0.49 0.10   0.36 0.01   9.83 0.48
HD 173740      18 42 46.8955 +59 37 36.783   3104  28   0.323 0.006  -0.36 0.10   0.30 0.01  10.01 0.36
KIC 10644253   18 43 42.4229 +47 56 16.010   6030  60   1.100 0.060   0.12 0.06   1.12 0.04   9.34 0.26
KIC 7799349    18 44 12.8103 +43 32 02.369   5115  60   2.670 0.210   0.41 0.06   1.22 0.12   9.78 0.14
KIC 8006161    18 44 35.1191 +43 49 59.790   5390  60   0.920 0.040   0.34 0.06   0.97 0.04   9.56 0.39
HD 173701      18 44 35.1191 +43 49 59.790   5297  53   0.952 0.021   0.24 0.10   0.88 0.05  10.06 0.18
HD 173667      18 45 39.7257 +20 32 46.717   6296  19   2.064 0.017  -0.03 0.10   1.43 0.04   9.44 0.03
KIC 10709834   18 45 47.5032 +48 04 57.011   6508  60   1.720 0.130  -0.08 0.06   1.34 0.08   9.42 0.07
KIC 10516096   18 49 33.6595 +47 42 39.606   5940  60   1.390 0.100  -0.06 0.06   1.08 0.05   9.78 0.08
KIC 5596656    18 51 16.8317 +40 51 14.193   5094  60   3.320 0.270  -0.46 0.06   0.90 0.08  10.07 0.14
KIC 7871531    18 51 39.5998 +43 38 09.664   5400  60   0.840 0.050  -0.24 0.06   0.82 0.05   9.96 0.22
KIC 7940546    18 52 16.4990 +43 42 35.691   6264  60   1.850 0.150  -0.19 0.06   1.24 0.10   9.55 0.10
HD 175425      18 53 38.1132 +37 59 06.883   5773  60   1.270 0.130   0.12 0.05   1.03 0.05   9.90 0.11
KIC 9139151    18 56 21.2636 +45 30 53.237   6125  60   1.140 0.060   0.11 0.06   1.15 0.04   9.29 0.24
KIC 9139163    18 56 22.1268 +45 30 25.362   6400  60   1.530 0.110   0.15 0.06   1.32 0.05   9.41 0.08
KIC 10454113   18 56 36.6441 +47 39 23.093   6120  60   1.200 0.080  -0.06 0.06   1.10 0.06   9.60 0.15
KOI-1612       18 59 08.6832 +48 25 23.604   6060  60   1.190 0.080  -0.20 0.06   1.02 0.06   9.75 0.11
KIC 6106415    19 01 39.6781 +41 29 24.328   5990  60   1.170 0.080  -0.09 0.06   1.04 0.06   9.73 0.11
HD 177153      19 01 39.6781 +41 29 24.328   5909  69   1.289 0.037  -0.06 0.10   1.06 0.05   9.80 0.10
KIC 5773345    19 01 45.0486 +41 04 50.074   6130  60   1.940 0.150   0.21 0.06   1.39 0.09   9.51 0.08
KIC 8938364    19 02 09.8973 +45 16 39.355   5630  60   1.330 0.100  -0.20 0.06   0.94 0.06   9.97 0.10
KIC 9206432    19 03 45.1355 +45 36 30.190   6608  60   1.490 0.090   0.23 0.06   1.39 0.06   9.16 0.13
KIC 3427720    19 05 45.2606 +38 31 22.563   6040  60   1.100 0.070  -0.03 0.06   1.08 0.05   9.50 0.25
KIC 6933899    19 06 58.3323 +42 26 08.204   5860  60   1.550 0.110   0.02 0.06   1.09 0.06   9.85 0.09
HIP 93871      19 07 02.0407 +07 36 57.153   4449  77   0.681 0.043  -0.47 0.10   0.65 0.05   9.67 0.52
HD 178126      19 07 02.0407 +07 36 57.153   4449 177   0.68  0.04   -0.47 0.10
Gl 745A        19 07 05.5647 +20 53 16.941   3500  60   0.310 0.012  -0.33 0.08   0.30 0.03   9.75 0.52
KOI-975        19 09 26.8349 +38 42 50.456   6190  60   1.840 0.140  -0.16 0.06   1.26 0.09   9.53 0.10
HD 179079      19 11 09.8286 -02 38 18.186   5646  60   1.700 0.220   0.23 0.05   1.12 0.11   9.87 0.15
KIC 10068307   19 15 54.6867 +47 03 40.231   6114  60   2.020 0.160  -0.22 0.06   1.30 0.09   9.49 0.11
KIC 4914923    19 16 34.9028 +40 02 50.356   5905  60   1.370 0.100   0.17 0.06   1.12 0.07   9.76 0.11
HD 180617      19 16 55.2566 +05 10 08.042   3558  60   0.474 0.016   0.10 0.08   0.47 0.05   9.70 0.52
KIC 12009504   19 17 45.8003 +50 28 48.271   6065  60   1.350 0.110  -0.09 0.06   1.10 0.07   9.71 0.09
KIC 6116048    19 17 46.3566 +41 24 36.838   5935  60   1.170 0.080  -0.24 0.06   0.96 0.05   9.87 0.09
KIC 7747078    19 18 54.1340 +43 29 46.684   5840  60   1.990 0.150  -0.26 0.06   1.17 0.10   9.63 0.12
HD 181234      19 20 00.0974 -09 19 24.963   5314  60   1.040 0.100   0.35 0.05   0.92 0.04  10.08 0.14
HD 181420      19 20 27.0723 -01 18 35.134   6283  06   1.730 0.084  -0.03 0.10   1.31 0.09   9.50 0.12
KIC 5955122    19 20 29.3442 +41 17 28.507   5837  60   2.090 0.150  -0.17 0.06   1.18 0.08   9.65 0.12
KIC 8228742    19 20 47.9392 +44 09 18.751   6042  60   1.770 0.130  -0.14 0.06   1.19 0.07   9.63 0.10
KIC 11026764   19 21 24.6295 +48 30 53.340   5682  60   2.060 0.190   0.05 0.06   1.20 0.14   9.74 0.16
KIC 7680114    19 23 56.4128 +43 18 52.539   5855  60   1.390 0.100   0.11 0.06   1.08 0.07   9.85 0.11
KIC 8751420    19 24 03.3793 +44 56 00.739   5264  60   2.270 0.160  -0.15 0.06   0.94 0.06  10.07 0.10
HD 182736      19 24 03.3793 +44 56 00.739   5239  37   2.703 0.071  -0.06 0.10   0.97 0.17  10.02 0.22
KIC 6603624    19 24 11.1933 +42 03 09.723   5625  60   1.150 0.080   0.28 0.06   1.01 0.06   9.90 0.14
KIC 5184732    19 24 30.3487 +40 19 23.675   5840  60   1.310 0.100   0.38 0.06   1.16 0.06   9.65 0.13
HD 182572      19 24 58.2003 +11 56 39.886   5643  84   1.379 0.042   0.34 0.10   1.06 0.09   9.92 0.17
KIC 6442183    19 26 19.3088 +41 52 12.718   5760  60   1.650 0.110  -0.11 0.06   1.07 0.05   9.81 0.10
KIC 12258514   19 26 22.0907 +50 59 14.334   5990  60   1.550 0.110   0.04 0.06   1.14 0.07   9.75 0.10
KIC 11137075   19 26 29.0613 +48 42 43.526   5590  60   1.630 0.120  -0.06 0.06   1.00 0.06   9.98 0.10
KIC 11244118   19 27 20.4897 +48 57 12.013   5745  60   1.620 0.140   0.35 0.06   1.20 0.10   9.74 0.13
KIC 1435467    19 28 19.8372 +37 03 35.335   6264  60   1.690 0.130  -0.01 0.06   1.30 0.08   9.51 0.09
KIC 8561221    19 29 08.4399 +44 38 28.452   5245  60   2.560 0.270  -0.06 0.06   0.96 0.18  10.04 0.24
HD 185144      19 32 21.5899 +69 39 40.236   5246  26   0.778 0.008  -0.19 0.10   0.84 0.05   9.51 0.43
KOI-1925       19 34 43.0018 +46 51 09.939   5410  60   0.900 0.050   0.11 0.06   0.91 0.04   9.81 0.34
KIC 7206837    19 35 03.7380 +42 44 16.717   6304  60   1.540 0.110   0.14 0.06   1.29 0.05   9.48 0.07
KIC 8694723    19 35 50.5737 +44 52 50.027   6120  60   1.420 0.100  -0.59 0.06   0.93 0.04   9.93 0.06
KIC 11717120   19 36 18.8473 +49 49 26.951   5150  60   2.230 0.140  -0.30 0.06   0.86 0.04  10.13 0.06
KIC 3656476    19 36 48.8140 +38 42 56.778   5710  60   1.320 0.100   0.34 0.06   1.10 0.08   9.81 0.14
KIC 5021689    19 38 52.7260 +40 09 13.620   6168  60   1.810 0.140  -0.08 0.06   1.28 0.09   9.54 0.10
KIC 10018963   19 39 00.6732 +46 54 06.984   6020  60   1.830 0.150  -0.35 0.06   1.10 0.10   9.72 0.12
KIC 9098294    19 40 21.2118 +45 29 20.971   5840  60   1.140 0.080  -0.13 0.06   0.98 0.05   9.87 0.09
KIC 7970740    19 41 45.6449 +43 44 51.723   5290  60   0.720 0.030  -0.49 0.06   0.74 0.04   9.83 0.48
HD 186408      19 41 48.9533 +50 31 30.217   5760  57   1.255 0.026   0.05 0.10   1.02 0.05   9.92 0.10
HD 186427      19 41 51.9726 +50 31 03.090   5678  66   1.169 0.027   0.04 0.10   0.97 0.05   9.97 0.11
HIP 97051      19 43 25.3358 +10 05 22.245   4200  48   0.631 0.057  -0.19 0.10   0.62 0.07   9.59 0.52
HD 355784      19 43 25.3358 +10 05 22.245   4200 248   0.63  0.06   -0.19 0.10
KIC 8179536    19 45 23.9649 +44 04 35.878   6344  60   1.330 0.090   0.01 0.06   1.22 0.05   9.41 0.14
KIC 8702606    19 46 17.8459 +44 49 39.609   5540  60   2.240 0.180  -0.09 0.06   1.05 0.12   9.90 0.14
KIC 7976303    19 48 14.2917 +43 44 48.964   6053  60   1.950 0.160  -0.53 0.06   1.03 0.09   9.81 0.13
KIC 11414712   19 48 22.4077 +49 14 11.856   5635  60   2.180 0.180  -0.05 0.06   1.08 0.13   9.85 0.15
KIC 6225718    19 49 18.1389 +41 34 56.860   6230  60   1.190 0.070  -0.17 0.06   1.09 0.06   9.56 0.16
HD 187637      19 49 18.1389 +41 34 56.860   6155  85   1.306 0.047  -0.09 0.10   1.13 0.07   9.61 0.17
KIC 10355856   19 50 14.2737 +47 28 25.158   6350  60   1.640 0.120  -0.19 0.06   1.21 0.09   9.58 0.10
KIC 10162436   19 54 54.1811 +47 08 42.949   6200  60   2.030 0.150  -0.08 0.06   1.36 0.09   9.48 0.09
HD 188512      19 55 18.7925 +06 24 24.342   4920  02   3.210 0.133  -0.14 0.10   0.92 0.15  10.11 0.17
HD 189733      20 00 43.7128 +22 42 39.074   5024  60   0.790 0.040   0.07 0.05   0.82 0.04   9.89 0.49
KIC 8394589    20 01 51.4240 +44 21 14.143   6114  60   1.120 0.070  -0.36 0.06   0.97 0.05   9.79 0.11
KIC 8524425    20 02 33.3206 +44 31 58.995   5634  60   1.800 0.160   0.14 0.06   1.13 0.11   9.85 0.14
HD 190228      20 03 00.7726 +28 18 24.685   5238  60   2.150 0.230  -0.22 0.05   0.90 0.05  10.08 0.08
HD 190360      20 03 37.4053 +29 53 48.489   5461  75   1.200 0.033   0.21 0.10   0.94 0.05  10.11 0.09
HD 190406      20 04 06.2258 +17 04 12.571   5763  49   1.115 0.021   0.03 0.10   1.00 0.04   9.87 0.11
HD 190571      20 04 23.5670 +33 33 01.781   4999  60   3.600 0.390  -0.22 0.05   0.92 0.05  10.08 0.10
HD 193690      20 22 31.3447 -26 09 35.605   5542  60   0.980 0.090   0.20 0.05   0.96 0.05   9.83 0.37
HD 195034      20 28 11.8155 +22 07 44.372   5810  60   0.960 0.060   0.00 0.05   1.02 0.04   9.39 0.35
HD 195564      20 32 23.6956 -09 51 12.173   5421  18   1.867 0.083   0.06 0.10   1.03 0.11   9.98 0.15
HD 196124      20 35 12.7049 +06 07 37.237   4833  60   0.740 0.030  -0.06 0.05   0.76 0.04   9.98 0.47
Gl 806         20 45 04.0991 +44 29 56.646   3542  61   0.443 0.018  -0.15 0.08   0.43 0.04   9.72 0.52
HD 199305      20 53 19.7889 +62 09 15.816   3692  22   0.547 0.007  -0.21 0.10   0.54 0.01  10.09 0.21
HD 199255      20 55 47.0539 +07 39 58.506   5027  60   3.740 0.570  -0.05 0.05   0.97 0.21  10.02 0.28
HD 199381      20 56 47.4508 +01 42 54.656   4844  60   4.610 0.620   0.17 0.05   1.21 0.18   9.78 0.21
HD 200779      21 05 19.7460 +07 04 09.471   4283 211   0.76  0.06    0.07 0.10
HD 200964      21 06 39.8423 +03 48 11.227   4983  60   4.050 0.590  -0.07 0.05   0.96 0.20  10.03 0.27
HD 201091      21 06 53.9525 +38 44 57.985   4361  17   0.661 0.005  -0.19 0.10   0.68 0.03   9.90 0.46
HD 201092      21 06 55.2639 +38 44 31.403   3932  25   0.601 0.007  -0.29 0.10   0.60 0.01  10.09 0.21
HIP 104432     21 09 17.4265 -13 18 09.012   3545  60   0.369 0.016  -0.45 0.08   0.36 0.04   9.70 0.52
HD 201924      21 11 10.8546 +45 27 21.278   5401  60   0.890 0.070   0.05 0.05   0.90 0.04   9.84 0.45
HD 202575      21 16 32.4670 +09 23 37.776   4730  60   0.730 0.030  -0.02 0.05   0.75 0.03   9.96 0.47
HIP 105341     21 20 13.8217 -19 51 08.225   4033  42   0.673 0.063  -0.05 0.10   0.64 0.07   9.64 0.52
HD 203040      21 20 13.8217 -19 51 08.225   4033 242   0.67  0.06   -0.05 0.10
HD 203471      21 21 34.3922 +28 33 52.842   5425  60   2.340 0.310  -0.02 0.05   1.02 0.18   9.94 0.22
HD 203473      21 22 18.8725 +05 01 24.929   5781  60   1.520 0.200   0.19 0.05   1.10 0.11   9.86 0.14
HD 206635      21 43 25.3400 +01 48 03.276   4944  60   2.410 0.240  -0.18 0.05   0.87 0.06  10.16 0.04
HD 206860      21 44 31.3292 +14 46 18.981   5860  83   1.019 0.029  -0.16 0.10   1.00 0.08   9.64 0.37
HD 207077      21 46 44.0467 -08 00 25.862   5068  60   3.650 0.390  -0.31 0.05   0.92 0.07  10.05 0.11
HD 208313      21 54 45.0394 +32 19 42.841   5016  60   0.780 0.040   0.02 0.05   0.81 0.04   9.87 0.49
HD 209393      22 02 05.3897 +44 20 35.404   5651  60   0.860 0.040  -0.14 0.05   0.93 0.04   9.31 0.34
HD 209290      22 02 10.2751 +01 24 00.832   3848  60   0.546 0.019   0.02 0.08   0.59 0.06   9.56 0.52
HD 211681      22 06 49.0856 +85 24 33.746   5710  60   1.590 0.200   0.35 0.05   1.18 0.11   9.77 0.13
HD 210373      22 09 39.4951 +22 14 31.917   4876  60   5.060 0.600   0.21 0.05   1.34 0.16   9.64 0.17
HIP 109388     22 09 40.3445 -04 38 26.648   3530  60   0.470 0.018   0.37 0.08   0.48 0.05   9.65 0.52
HD 210702      22 11 51.3309 +16 02 25.990   4780  18   5.231 0.117   0.03 0.10   1.12 0.21   9.86 0.27
HD 215049      22 42 52.2459 -27 53 12.810   5109  60   2.650 0.350   0.06 0.05   1.12 0.16   9.89 0.23
Gl 875         22 50 19.4243 -07 05 24.373   3740  61   0.563 0.024   0.02 0.08   0.58 0.06   9.77 0.51
Gl 876         22 53 16.7335 -14 15 49.319   3129  19   0.376 0.006   0.19 0.10   0.35 0.01  10.09 0.41
HD 216834      22 56 20.4438 -06 32 45.011   5058  60   3.170 0.350  -0.23 0.05   0.91 0.06  10.09 0.09
HD 216899      22 56 34.8046 +16 33 12.355   3713  11   0.548 0.005   0.06 0.10   0.56 0.01   9.99 0.39
HD 217014      22 57 27.9801 +20 46 07.791   5706  95   1.168 0.042   0.17 0.10   1.01 0.07   9.89 0.21
HD 217107      22 58 15.5409 -02 23 43.379   5391  40   1.210 0.019   0.31 0.10   0.94 0.03  10.13 0.06
HD 217681      23 02 31.8934 -11 15 56.502   4954  60   3.360 0.420   0.24 0.05   1.20 0.16   9.81 0.19
HD 217987      23 05 52.0361 -35 51 11.048   3676  35   0.471 0.009  -0.19 0.10   0.49 0.02   9.66 0.53
HIP 114156     23 07 07.0592 -23 09 34.026   4146  09   0.660 0.051  -0.02 0.10   0.65 0.06   9.59 0.52
HD 218294      23 07 07.0592 -23 09 34.026   4146 209   0.66  0.05   -0.02 0.10
HD 219134      23 13 16.9763 +57 10 06.082   4699  16   0.778 0.005   0.07 0.10   0.77 0.02  10.12 0.11
HD 219623      23 16 42.3033 +53 12 48.510   6285  94   1.195 0.036   0.04 0.10   1.18 0.06   9.25 0.25
HIP 115332     23 21 37.4499 +17 17 25.392   3324  60   0.416 0.020   0.24 0.08   0.39 0.04   9.68 0.52
HD 220339      23 23 04.8953 -10 45 51.277   4954  60   0.710 0.040  -0.24 0.05   0.75 0.04   9.79 0.52
HIP 115562     23 24 30.5146 +57 51 15.517   3764  60   0.539 0.020   0.31 0.08   0.58 0.06   9.55 0.52
Gl 896A        23 31 52.1720 +19 56 14.260   3353  60   0.409 0.016   0.03 0.08   0.38 0.04   9.76 0.51
HD 221504      23 32 50.6595 -21 41 15.670   5334  60   2.360 0.280   0.29 0.05   1.23 0.12   9.76 0.14
HD 221822      23 35 23.1398 +02 13 31.178   5420  60   0.760 0.040  -0.37 0.05   0.81 0.04   9.59 0.48
HD 222038      23 37 17.4020 -01 31 11.559   5629  60   1.220 0.130   0.22 0.05   1.00 0.06   9.98 0.12
HD 222368      23 39 57.0414 +05 37 34.648   6192  26   1.595 0.014  -0.14 0.10   1.22 0.06   9.60 0.07
HD 222986      23 45 35.0201 +40 26 36.611   5859  60   1.040 0.070   0.26 0.05   1.09 0.05   9.26 0.29
Gl 908         23 49 12.5253 +02 24 04.402   3646  60   0.407 0.014  -0.45 0.08   0.41 0.04   9.72 0.52
HIP 118261     23 59 13.6995 -26 02 55.489   4615  14   0.715 0.051  -0.04 0.10   0.74 0.06   9.58 0.52
HD 224607      23 59 13.6995 -26 02 55.489   4615 214   0.71  0.05   -0.04 0.10
HD 224619      23 59 28.4323 -20 02 04.973   5454  60   0.840 0.060  -0.17 0.05   0.86 0.05   9.78 0.46
