
Sandqvist 132       DN  10 50 39.0 -77 04 36   9.0
Sandqvist 133       DN  10 56 10.0 -77 07 30   6.0
DCld 297.1-16.1     DN  11 02 21.0 -77 42 00  20.0
Sandqvist 135       DN  11 06 48.0 -77 18 00  16.0
Sandqvist 134       DN  11 09 17.0 -76 10 18  25.0
DCld 297.2-15.1     DN  11 10 30.0 -76 49 24  14.0
DCld 301.0-15.8     DN  12 13 57.0 -78 34 30   9.0
DCld 301.7-16.6     DN  12 25 37.0 -79 22 54   7.0
DCld 302.3-17.7     DN  12 35 49.0 -80 32 48  12.0
Cha III             DN  12 37 48.0 -80 15 00
Thumbprint Neb      DN  12 44 35.0 -78 48 12   8.0
DCld 303.5-14.4     DN  13 01 04.0 -77 16 06   9.0
DCld 303.6-14.5     DN  13 03 15.0 -77 23 00   3.4
Sandqvist 158       DN  13 05 07.0 -77 24 00   7.0
Sandqvist 159       DN  13 05 24.0 -77 40 48   6.0
Sandqvist 160       DN  13 06 56.0 -77 00 54  12.0
Ced 110             BN  11 06 15.0 -77 21 58   6.0
Ced 111             BN  11 08 05.0 -77 39 21  12.0
IC 2631             BN  11 09 50.0 -76 36 52   8.0
Cha IR Neb          BN  11 08 40.0 -77 43 52   2.5
Bran 341 D          BN  11 12 29.0 -76 44 24   1.2
Bran 341 E          BN  11 12 43.0 -77 22 23   0.7
Reipurth 12         BN  13 00 14.0 -77 34 18   0.3

ESO 40-11           PN  13 34 14.1 -75 46 31       70.0
Su Objet 3          PN? 11 02 43.1 -76 17 28      150.0
NGC 3195            PN  10 09 20.8 -80 51 30       45.0


Mamajek 1           SC  08 42 32.9 -78 57 47      OC     43.4      99   0.00   6.90  -29.83   26.99  2020A&A...633A..99C Theia 63, Eta Cha
E 3                 SC  09 20 57.1 -77 16 55      GC     12.0    6944   0.30   9.90   -2.73    7.08  Vasiliev2021        
Cha I S             SC  11 08 02.0 -77 38 56      EC     27.0     186   0.31   6.00  -23.13    1.59  arXiv:1808.06931v1  BDB 256, Bica 469, LP 2435, UPK 573
Cha I N             SC  11 09 44.8 -76 34 42      EC     29.0     193   0.31   6.00  -22.07   -0.05  arXiv:1808.06931v1  BDB 254, Bica 465, IC 2631, Theia 2, UPK 573
Feigelson 1         SC  11 59 51.0 -78 12 27      OC    114.0     102   0.02   6.60  -41.30   -6.13  Alessi GEDR3        Bica 476, Epsilon Cha
Cha II              SC  12 53 38.8 -77 10 17      YA    129.5     198          6.00  -20.70   -8.00  2018ApJ...867..151D AWG 7, Theia 29
Alessi 265          SC  09 52 51.2 -79 28 57      YA     45.9     213                -15.72    1.81  Alessi GEDR3        Cha I SW
[MBS2003] G1        SC  09 25 56.3 -76 35 15      GC      4.3"   3.7M
[MBS2003] G2        SC  09 25 27.4 -76 36 32      GC      3.0"   3.7M
[MBS2003] G3        SC  09 25 42.0 -76 36 34      GC      3.0"   3.7M

SGC 0938-7621       09 38 16.3 -76 35 18                           Im?               2.1  0.8   
ESO 38-8            11 06 42.3 -75 37 56                 16.3      S?                1.1  0.7     
ESO 36-11           08 52 23.4 -76 22 41    77           15.6      Sbc               1.2  0.3      4618
ESO 38-6            10 58 10.2 -77 37 59    32.4         15.6      Sb? sp            1.2  0.2      5222
ESO 35-12           07 40 01.1 -76 26 18    16.2 3.6     16.2      Im                1.2  0.4      1460
ESO 35-20           08 03 18.6 -77 04 18    23.1 3.5     15.9      SBm               1.3  1.0      1752
ESO 38-12           11 24 14.5 -77 09 39    74.2 3.0     16.1      SAB(rs)bc:        1.5  0.8      5150
ESO 21-5            13 42 26.2 -79 00 41    27.9 4.2     16.2      Sb? sp            1.5  0.3      2346
ESO 8-1             13 34 30.7 -83 07 48    71.2         17.4      SB(s)d? sp        1.6  0.3      4477
ESO 21-4            13 32 40.6 -77 50 41    38.4 5.8     12.7      SA(s)O/a:         2.3  1.2      2958
NGC 2915            09 26 11.5 -76 37 35     3.7 0.4     13.2      I0, BCD, dark SB  2.1  1.1       465
ESO 37-10           10 04 17.2 -75 28 44    23.1 3.5     13.3      SAB(s)c           2.6  2.5      1797
ESO 19-3            10 38 00.9 -81 05 51    28.1 5.6     13.4      SB(rs)c: p        1.7  0.9      2003
NGC 3149            10 03 44.1 -80 25 18    26.6 4.0     13.5      (R)SA(rs)b:       2.2  2.1      2014
ESO 18-7            08 23 08.1 -77 51 07    71  11       13.5      SB(rs)bc: p       1.6  0.7      5506
ESO 18-13           08 43 48.6 -78 56 58    72  11       13.6      SB(s)c            2.0  0.7      5492
ESO 21-3            13 32 27.3 -80 25 56    26.9 4.0     13.6      SB(s)bc           1.7  1.0      2305
IC 3104             12 18 46.1 -79 43 33     2.3 0.1     13.7      IB(s)m:           3.0  1.3       429
ESO 40-12           13 35 16.2 -77 38 29    32.4 4.9     13.7      Sbc sp            2.5  0.45     2658
ESO 36-19           09 06 35.7 -75 49 33    63.1 9.5     13.8      (R')SBbc: p       2.0  0.6      4672
ESO 39-2            11 50 20.6 -75 22 15    24.2 3.6     13.8      IAB(s)m           2.6  1.5      1828
ESO 18-2            08 19 14.2 -78 41 46    74  11       13.9      SA(rs)bc          1.6  0.8      5502
ESO 35-18           07 55 04.2 -76 24 45    24.2 4.8     14.0      SA(s)c: sp        3.2  0.7      1765
ESO 18-9            08 24 07.9 -77 46 57    71  11       14.0      Sab, Sy2          1.0  0.9      5328
ESO 21-2            13 23 44.8 -78 41 03    29.2 6.5     14.0      SAB(s)d:          1.3  0.6      2383
ESO 17-2            07 32 22.1 -77 55 09    18.0 2.7     14.3      Sa                0.9  0.85     1631
ESO 18-1            08 12 43.5 -79 53 09    64.2 2.3     14.3      SB(s)b            1.0  0.9      4456
ESO 18-15           09 10 11.5 -79 14 03    22.8 3.4     14.4      SB(r)cd:          1.6  0.9      1703
ESO 40-2            13 10 17.7 -75 29 48    37.2 5.6     14.4      SAO-:             1.3  1.1      2925
ESO 40-7            13 21 39.7 -77 31 58    25.4 5.1     14.4      SB(s)c: sp        2.6  0.4      2673
NGC 3620            11 16 04.7 -76 12 59    16.4 0.1     14.5      (R')SB(s)ab: p    3.0  0.9      1774
ESO 35-11           07 35 16.9 -76 55 07    78  17       14.6      SB(r)ab: p        1.0  0.85     5985
ESO 18-8            08 23 16.3 -77 49 14    73  11       14.6      Sab               1.2  0.5      5444
ESO 18-10           08 32 35.0 -78 55 20    74           14.7      Sb:               1.0  0.5      5526
ESO 17-6            07 47 26.2 -78 09 02   165           14.8      SB(r)b            1.0  0.85    11356
ESO 18-18           09 27 40.4 -80 10 48    77           14.8      Sbc               1.0  0.7      5160
ESO 17-9            07 56 22.9 -78 42 01    69.3         14.9      SAab?             1.3  0.5      4698
Fairall 284         09 35 01.1 -78 13 00    84.0         14.9      E/SO              1.0  0.7      5827
ESO 18-6            08 21 26.1 -80 34 32   430           15.0      Sm                1.0  0.7
HRG 1901            10 11 08.6 -82 37 52   174           15.0      S                 0.8  0.4     11998
2MASX J0838-7548    08 38 07.4 -75 48 50                 15.0      S0/a              0.7  0.45    11571
ESO 18-14           08 52 35.1 -78 31 12                 15.1      Sab               0.75 0.3     11194
2MASX J1340-7832    13 40 10.8 -78 32 27                 15.1      E                 0.7  0.6      8039
6dF J1342-7833      13 42 28.9 -78 33 32                 15.1      S                 0.5  0.4      2437
ESO 18-3            08 20 33.4 -78 17 18    85  15       15.2      S0/a              1.2  0.4      5340
ESO 19-6            11 16 11.2 -79 23 51    37.4 5.6     15.3      Sc sp             2.8  0.3      3017
HRG 2101            13 47 05.9 -80 46 48                 15.3      S0                0.8  0.45    12586
6dF J0834-7845      08 34 20.6 -78 45 57                 15.4      SB                0.6  0.5      5420
ESO 18-17           09 20 05.9 -79 36 06                 15.4      Sbc               0.85 0.4     11862
Leda 229750         08 10 01.8 -79 37 46                 17.3      E, BCG            0.4  0.3            Brightest in ACO S619
IRAS 10227-8251     10 21 34.8 -83 06 49   203           15.7      S, QSO            0.5  0.2     25513
HIPASS J1247-77     12 47 36.9 -77 34 38     3.2 0.3     17.0      Im                0.6  0.25      413
AM 0954-793         09 54 11.1 -79 51 40   212           15.5      quartet?          0.6  0.35    19935
ESO 17-4            07 38 28.7 -81 43 31                 15.8      E                 0.9  0.7     11881
IRAS 08048-8211     08 00 20.0 -82 20 02                 15.7      S0/a              0.8  0.55     4478
PGC 232577          07 56 22.0 -78 30 07                 15.6      S                 0.7  0.6      5824
2MASX J1036-8138    10 36 26.8 -81 38 02                 15.7      S                 0.7  0.6     12091
ESO 38-11           11 20 58.1 -75 52 45                 15.8      Sbc               1.0  0.4          
6dF J1126-7608      11 26 39.5 -76 08 38                 16.6      E                 0.65 0.6      5635
6dF J0747-8211      07 47 44.0 -82 11 48                 16.0      E                 0.7  0.55     5296
ESO 35-10           07 31 24.4 -75 46 24                 16.4      Sbc               0.85 0.45         
ESO 40-14           13 37 16.3 -76 14 37                 15.5      S                 0.75 0.5      2914
HRG 1704            08 12 04.3 -79 22 40                 16.0      E                 0.65 0.55     5701
ESO 18-12           08 36 38.0 -78 40 16                 15.5      Sbc               0.75 0.45     5928
6dF J1123-8123      11 23 52.4 -81 23 42                 15.7      S                 0.65 0.5     13192
2MIG 1865           13 31 06.3 -76 12 56                 15.6      Sbc               0.9  0.35    13266
6dF J0824-7827      08 24 19.6 -78 27 21                 15.7      S                 0.55 0.55    11532
6dF J0812-7740      08 12 17.9 -77 40 02                 15.5      S                 0.6  0.5     11948
6dF J0820-8128      08 20 29.2 -81 29 00                 15.7      E                 0.65 0.45    12090
6dF J1120-8024      11 20 08.7 -80 24 30                 16.0      S                 0.65 0.45    11576
ESO 18-19           09 34 54.5 -79 27 14                 15.5      Sbc               0.75 0.35     9400
ESO 19-5            10 58 04.2 -82 16 20   178           15.7      Sc                1.0  0.25    12304
ESO 18-11           08 33 57.8 -78 09 18    74           15.6      Sbc sp            1.1  0.2      5574

Abell S609          GxC 08 10 04.0 -79 38 06                           GxCl

------------------------------

SCR J1138-7721                    11 38 16.77 -77 21 48.5   119.342  0.030     M 5   V   14.78
LHS 263            GJ 1123        09 17 05.32 -77 49 23.3   105.034  0.026     M 4.5 V   13.10
WISE J0811-8051                   08 11 17.82 -80 51 41.4    99.1    7.7       T 9.5 V   19.65J
WISE J0751-7634    COCONUTS-2 B   07 51 08.81 -76 34 49.6    92.18   0.48      T 9   V   19.34J   young planet with 6.3 Mj at 6471 AU from the primary
L 35-26            COCONUTS-2 A   07 49 12.67 -76 42 06.7    91.826  0.018     M 3   V   11.28
L 18-22                           12 20 33.68 -82 25 57.5    81.75   0.61      M 4   V   12.16
DENIS J1013-7842                  10 13 25.97 -78 42 55.1    71.01   0.22      L 3   V   21.38
LHS 2310           GJ 3625        10 47 38.68 -79 27 46.0    69.819  0.017     M 3   V   13.45
CWISEP J1241-8200                 12 41 38.41 -82 00 51.9    69.1    3.8       T 8.5 V 
LHS 1992           GJ 3492        08 13 42.58 -76 07 48.4    63.989  0.016     M 2.5 V   11.85
SCR J0723-8015 A                  07 23 59.62 -80 15 18.0    61.193  0.091     M 6   V   17.45
SCR J0723-8015 B                  07 23 59.62 -80 15 18.0    61.193  0.091    ~L 1   V   21.53    ST derived from MV
L 40-116           LAWD 45        13 19 25.55 -78 23 28.1    51.862  0.035    DC         16.16
Alpha Cha          Gl 305         08 18 31.55 -76 55 11.0    51.317  0.098     F 5   V    4.05
L 38-47                           12 22 06.71 -78 38 27.4    48.328  0.017     M 3   V   12.09
L 17-50                           10 41 56.35 -82 59 23.2    48.279  0.016     M 4   V   13.25
LHS 2621           LAWD 42        12 44 52.69 -80 09 27.9    46.792  0.032    DC/Q       16.23
LEHPM 2-870                       08 48 59.19 -80 35 01.6    45.099  0.023     M 4   V   15.33
LTT 5536                          14 13 21.94 -80 31 35.6    44.638  0.048     M 4   V   15.06
SCR J1224-8205                    12 24 39.79 -82 05 53.2    44.279  0.016     M 4   V   15.16
L 16-59 A                         10 07 09.82 -82 50 15.6    43.718  0.019     M 2.5 VJ  11.22G
L 16-59 B                         10 07 11.22 -82 50 13.4    43.713  0.018     M 2.5 VJ  13.44G
2MASS J0802-8330                  08 02 57.81 -83 30 07.5    43.39   0.51      M 5.5 V   16.08    member of Beta Pic MG
UPM J1152-7631                    11 52 04.76 -76 31 05.7    41.492  0.016     M 4   V   15.28    ST derived from MV
SCR J1127-7816                    11 27 16.76 -78 16 40.1    39.001  0.024     M 5   V   16.77

iota Cha                          09 24 09.22 -80 47 12.8    17.388  0.092   5.36  F3/5III/V       
delta-2 Cha                       10 45 47.00 -80 32 24.7     9.30   0.13    4.43  B3V             
pi Cha                            11 37 15.63 -75 53 47.6    24.09   0.33    5.64  A9IV            
delta-1 Cha B                     10 45 16.64 -80 28 10.5     9.36           6.38                  
9 Cha                             08 43 12.19 -79 04 12.4    10.10           6.04  A7V             
HD 120213                         13 55 38.87 -82 39 58.3     3.78           5.94  K2III:CN-1CH-2.5
HD 105340                         12 07 49.87 -75 22 01.3     6.91           5.17  K2II/III        
HD 72922                          08 24 19.89 -80 54 51.2    12.00           5.69  G8III           
beta Cha                          12 18 20.82 -79 18 44.1    10.93           4.23  B4V             
HD 76236                          08 45 55.14 -79 30 15.7     5.50           5.77  K5III           
HD 114533                         13 14 17.32 -78 26 50.8     1.52           5.84  G2Ib            
HD 93237                          10 41 51.51 -79 46 59.8     3.14           5.97  B5III           
delta-1 Cha A                     10 45 16.33 -80 28 10.5     9.36           6.04  K0III          
epsilon Cha B                     11 59 37.51 -78 13 18.9     9.02           6.02                  
gamma Cha                         10 35 28.10 -78 36 28.0     7.81           4.12  K4III           
zeta Cha                          09 33 53.37 -80 56 28.5     5.70           5.06  B4IV            
epsilon Cha A                     11 59 37.58 -78 13 18.6     9.02           4.91J B9V
kappa Cha                         12 04 46.47 -76 31 08.6     6.67           5.02  K4III           
mu-2 Cha                          10 04 07.14 -81 33 55.7     5.86           6.61  G6/8III         
nu Cha                            09 46 20.63 -76 46 34.0    17.26           5.44  G8III           
mu-1 Cha                          10 00 43.79 -82 12 52.8     7.99           5.52  A0IV            
theta Cha                         08 20 38.54 -77 29 04.1    21.25   0.10    4.34  K2IIIbCN0.5     
eta Cha                           08 41 19.51 -78 57 48.1    10.04           5.45  B8V             

HD 63454                          07 39 21.85 -78 16 44.3    26.554  0.011   9.36  K3Vk:      1 planet
2MASS J0922-8010                  09 22 19.52 -80 10 39.9    34.04   0.58          L2::            
2MASS J1101-7732 AB               11 01 19.26 -77 32 38.3                                         
CHXR 73B                          11 06 28.49 -77 37 34.2     5.23                 M9.5+           
CHXR 73                           11 06 28.76 -77 37 33.1     5.23                 M3e             
ChaHa8b                           11 07 46.09 -77 40 08.9     5.08                               
Cha J1108-7731                    11 08 30.40 -77 31 38.7                          L3              
Cha J1109-7734                    11 09 13.58 -77 34 44.9                          M9.5            
OTS 44                            11 10 09.34 -76 32 17.9                          M9.5+           
Cha J1305-7739                    13 05 40.80 -77 39 58.2                          L1              
DENIS J1347-7610 (B)              13 47 59.06 -76 10 05.2    33.21   0.42          L0.0            
UCAC4 070-020389 (A)              13 47 56.80 -76 10 20.1    33.092  0.012         M1              
2MASS J1355-8258                  13 55 03.23 -82 58 37.5                        sdL5?

RX Cha                              CV* 10 36 26.21 -80 02 47.98     2.29                          
Z Cha                               CV* 08 07 27.74 -76 32 00.67     8.66                M5.5       
DO Cha                              EB* 09 07 47.17 -82 19 29.66    12.75          7.68  F7V        
EW Cha                              EB* 09 14 02.64 -82 13 12.35                   8.68  A1V        
RZ Cha                              EB* 10 42 24.10 -82 02 14.18     5.72          8.09  F3/5V      
DX Cha                              Ae* 12 00 05.08 -78 11 34.55     9.23          6.60  A0 sh      
U Cha                               Mi* 13 48 26.29 -82 39 26.43     0.70                          
V Cha                               Mi* 07 46 35.01 -78 01 09.65     0.49                M5e        
W Cha                               Mi* 08 28 21.90 -76 33 42.70     0.22                          
X Cha                               Mi* 10 38 22.48 -80 46 45.85     0.28                          
Y Cha                               Mi* 11 25 36.52 -77 00 35.02     0.35                Me         
T Cha                               Or* 11 57 13.52 -79 21 31.52     9.12         11.86  K0e        
R Cha                               Mi* 08 21 46.45 -76 21 18.29     1.44         10.55  M4.5e      
Z Cha                               CV* 08 07 27.74 -76 32 00.67     8.66                M5.5       
CT Cha                              Or* 11 04 09.09 -76 27 19.32     5.21         13.00  K7Ve       
CT Cha B                            LM* 11 04 08.44 -76 27 18.0                          M8 
CV Cha                              Or* 11 12 27.70 -76 44 22.29     5.17         10.98  G9Ve       
DI Cha                              Or* 11 07 20.72 -77 38 07.30     5.25         10.74  G2Ve       

