DENIS J1048-3956                    10 48 14.57 -39 56 06.8   247.216  0.051     M 8.5 V   17.53     
2MASS J0939-2448 AB?                09 39 35.48 -24 48 27.9   188.9    4.1       T 8   V   15.98 J  double ?
LP 847-48                           09 55 23.86 -27 15 40.7    91.737  0.039     M 3   V   12.08  
CE 102                              09 45 58.43 -32 53 29.9    83.250  0.037     M 4.5 V   14.29  
UCAC4 258-045223                    09 43 29.94 -38 33 56.1    77.725  0.037     M 6.5 V   17.05  
L 465-84 A                          10 39 44.34 -37 55 13.6    71.5    2.5       M 2.5 V   11.03      
L 465-84 B                          10 39 44.34 -37 55 13.6    71.5    2.5       M 4:  V   12.90       
LP 846-15                           09 34 27.93 -26 43 26.7    69.812  0.026     M 4   V   13.99  
DENIS J1036-3441                    10 36 53.06 -34 41 38.3    68.0    1.6       L 6   V   15.62 J
WISE J1042-3842                     10 42 45.23 -38 42 38.3    64.8    3.4       T 8.5 V   18.58 J
CD-36 6589 A       GJ 1135          10 41 09.30 -36 53 43.6    64.336  0.051     M 0   V    9.97  
CD-36 6589 B                        10 41 09.30 -36 53 43.6    64.336  0.051     M 0   V   10.09  
546355                              10 01 10.74 -30 23 24.5    62.000  0.041               10.3280
544116                              10 39 32.38 -38 20 02.5    59.048  0.026               14.2461
544305                              10 41 50.64 -36 37 50.7    56.314  0.017               10.6189
544305                              10 41 51.83 -36 38 00.1    56.310  0.016                9.4393
UCAC4 320-060372 A                  09 36 57.86 -26 10 11.3    55.35   0.75      M 4   V   13.65    sep 0.4"
UCAC4 320-060372 B                  09 36 57.86 -26 10 11.3    55.35   0.75                14.15  
UCAC4 320-060372 C                  09 36 55.65 -26 09 42.3    54.171  0.078     M 8   V   19.92  
LHS 5166 (A)                        10 04 38.72 -33 35 09.5    53.610  0.031     M 4   V   14.39  
2MASSW J1004-3335 (B)               10 04 39.32 -33 35 19.1    53.48   0.42      L 5   V   14.48 J
563053                              09 30 28.08 -32 06 12.2    50.943  0.019                8.0023
563053                              09 30 27.67 -32 06 22.0    50.917  0.020               12.0156
543188                              09 45 40.06 -39 02 26.4    50.593  0.32                11.4919
543599                              09 36 19.28 -37 40 35.5    47.700  0.017               11.9485
542134                              10 01 23.81 -38 50 24.5    47.482  0.016               10.8399
566123                              09 37 34.72 -25 47 15.5    46.385  0.023               10.9270
545906                              10 13 24.72 -33 01 54.1    44.579  0.020                6.2337
546181                              10 12 06.48 -30 49 26.3    44.213  0.066               16.2722
543924                              09 38 53.81 -33 48 45.4    43.398  0.035               14.9337
539374                              10 58 47.07 -38 54 14.6    39.594  0.020               14.0689
544316                              10 40 55.49 -35 51 31.1    39.552  0.020               13.2304
546315                              09 53 27.37 -31 45 08.4    39.153  0.022               13.0195
546315                              09 53 28.07 -31 45 08.0    39.09   0.24                 9.5174
