4877448669035035520    04 43 05.82 -32 02 08.7   48.50   0.66         20.459
4878035808244168832    04 45 53.89 -30 48 20.6   61.94   0.15         18.267
4866394831963983744    04 44 38.24 -36 55 45.1   44.72   0.14         18.435
4873243032763432064    04 51 00.94 -34 02 14.9   45.92   0.14         18.452
4788741548375134336    04 21 05.56 -48 39 07.0   47.200  0.020        13.644
4873878176823736192    04 55 19.01 -32 12 23.3   45.835  0.020        14.044
4865016349710062208    04 24 56.19 -40 02 47.5   70.063  0.019        12.550
4875068123283035904    04 54 10.42 -30 36 36.9   45.792  0.017        13.743
4876309231392838528    04 59 24.39 -30 55 57.7   41.589  0.016        13.378
4815660547961306112    04 40 33.71 -41 51 49.5   49.062  0.094         4.351
4840180825491630336    04 22 59.96 -41 06 49.1   39.505  0.013        13.463
4818243369494800256    04 44 50.19 -37 49 40.9   46.780  0.013        13.071
4880837088995983360    04 47 23.14 -27 50 35.6   63.900  0.032        10.460
4789443208593313280    04 26 00.17 -46 21 11.3   43.794  0.016        11.856
4791496409119237888    04 34 01.21 -43 31 28.9   45.233  0.015         8.415
4866978844438656768    04 49 52.33 -35 06 27.4   56.537  0.014         7.254
4865826693691966464    04 33 09.34 -36 56 45.7   39.973  0.017         8.410
4879850208590379904    04 55 41.91 -28 33 50.0   54.920  0.017         7.771
4880837088995421952    04 47 22.68 -27 50 29.3   63.814  0.013         9.257
4788244328600836480    04 32 29.87 -48 19 16.5   48.174  0.019        12.838
4866928335623297152    04 48 40.13 -35 39 22.0   49.780  0.017        13.786
4864160624337973248    04 32 42.63 -39 47 12.1   50.340  0.015        11.533

2MASS J0425-4255       04 25 06.79 -42 55 08.5   59.7            L8      
2MASSI J0445-3048      04 45 53.8  -30 48 20     61.97   0.18    L2      