SCR J1138-7721             M5       174.529275343766 -77.360844625462    119.2547  0.0717     -2063.922  0.140     +616.174  0.131    12.8358
LHS 263          GJ 1123   M4.5     139.285168599152 -77.826635020251    105.1289  0.0444      +636.467  0.086     -806.637  0.103    11.5618
WISE J0811-8051            T9.5     08 11 17.8       -80 51 41            98.5     7.7                                             
WISE J0751-7634            T9       07 51 08.8       -76 34 49            97.9     6.7                                             
L 35-26                    M3       117.300913994055 -76.702696034478     91.8291  0.0344      -101.996  0.060     -193.264  0.068    10.1460
L 18-22                    M4       185.140808550560 -82.431596815062     81.7492  0.6085       +14.883  1.008     +244.926  1.076    10.6333
2MASS J1013-7842           L3       153.358509679967 -78.716451510762     71.1390  0.2986       +13.341  0.649     -263.733  0.686    18.9908
L 37-56          GJ 3625   M3       161.900637019395 -79.463669502595     69.7946  0.0378      -448.191  0.066     -204.906  0.057    12.0552
LHS 1992         GJ 3492   M2.5     123.421915950048 -76.127435252862     64.0730  0.0345      -307.603  0.062     +621.898  0.066    10.8001
SCR J0723-8015             M6       110.987847648498 -80.251833462305     61.1931  0.0910      -415.655  0.155     +737.912  0.187    15.0408
Alpha Cha        Gl 305    F5 V     124.633570983036 -76.919263051041     51.9433  0.3004      +111.955  0.512     +108.275  0.522     3.8856
L 40-116                   DC       199.862908316076 -78.392692716724     51.8407  0.0413      +300.040  0.065     -356.510  0.063    15.9751
L 17-50                    M4       160.498460989239 -82.989771611518     48.3171  0.0320      +386.994  0.058       +2.232  0.050    12.1411
L 38-47                    M3       185.519398650202 -78.641703860275     48.2446  0.0404      -392.452  0.065     -175.440  0.064    10.9901
LHS 2621                   DC/DQ    191.209381112707 -80.156225511263     46.7830  0.0362      -404.124  0.069     +354.817  0.054    16.0214
LEHPM 2-870               >M5       132.242386809840 -80.584929797534     45.2674  0.0439      -162.305  0.074     -267.413  0.112    13.5712
LTT 5536                   m        213.333711781458 -80.526592097302     44.6383  0.0480      -295.622  0.077       -8.463  0.075    13.6713
SCR J1224-8205             m        186.165081725615 -82.099255842259     44.2803  0.0549       -23.438  0.085     -264.828  0.079    13.7465
L 16-59 B                  m        151.786116433472 -82.836342426811     43.7197  0.0711      -308.784  0.143     +166.570  0.138    13.4429
L 16-59 A                  m        151.780039256524 -82.836909898324     43.6998  0.0371      -315.754  0.069     +175.995  0.054    11.2246
2MASS J0802-8330           M5.5     120.736714296714 -83.501538381909     43.3913  0.5079      -109.493  0.851     +124.573  1.075    14.1236
UPM J1152-7631             m        178.016529034663 -76.518218951260     41.4045  0.0483      -179.206  0.080      +11.238  0.064    13.9330
                                    
2MASS J1127-7816                    171.818633767811 -78.278623582709     38.9853  0.0603       -57.152  0.129     -184.567  0.103    15.0340
LTT 5350 ?                          207.251662717686 -79.431288417985     38.2415  0.0317      -371.153  0.076      +82.922  0.067    10.7993
HD 109952                  K5.5 Vk  189.945249343881 -77.841723447345     38.1457  0.7610      -863.496  1.246     +354.922  1.251     9.0609
LHS 1978                   M2.5     121.089867118300 -83.231430595373     37.9592  0.0335      -482.700  0.053     +368.245  0.059    11.5346
HD 120744 AB               K2 Vk    208.833549196055 -76.270902235684     37.7149  0.0616      -169.563  0.091      -35.916  0.100     8.0615
1RXS J0817-8243            M3.5     124.411338834937 -82.724549859305     37.6814  0.7285       -92.331  1.178     +110.318  1.417    10.5960
TYC 9403-634-1                      137.498121210332 -79.231226771775     36.9971  0.2463       -94.858  0.471      +11.290  0.411    10.8657
                                    108.951122970860 -83.002287728725     36.4088  0.0876       -99.276  0.138     +666.543  0.159    10.8944
                                    169.235108781380 -80.464353784029     35.3984  0.0528      -140.147  0.098      +34.109  0.095    13.2232
                                    132.142713077484 -78.896015117421     34.8214  0.0745      -115.292  0.152     +367.953  0.123    15.7166
                                    208.930769780169 -77.929625132920     34.6800  0.0392      +317.632  0.047     +312.335  0.060    10.3614
                                    152.772715263457 -82.864609249370     34.4451  0.0235      -451.256  0.047     +328.499  0.047    10.3712
                                    140.582088028518 -80.177970762249     33.6036  0.6148       +29.446  1.049      -50.851  1.212    20.3255
                                    187.642981038241 -76.030532669316     33.5017  2.7518        +6.047  4.057      +21.160  3.906    20.7867
                                    138.234091912601 -83.194615337383     33.4283  0.0738      -385.910  0.136     +708.621  0.154    14.9309
                                    111.133974322065 -80.185110808280     33.3642  0.0203      +175.653  0.035      +60.685  0.040     9.5621
                                  206.990010673542 -76.172124782626     33.0186  0.0263      +185.005  0.041      +29.271  0.044    10.7985
