DENIS J1454-6604          14 54 07.96 -66 04 47.3    93.94   0.37        L 3.5 V      18.46 G
PM J14223-7023            14 22 19.47 -70 23 37.0    77.770  0.022       M 5   V      15.17 V    HPM
5851167679807239808       14 04 08.21 -66 14 37.7    61.86   0.46                     10.50 G
Alpha Cir A               14 42 30.42 -64 58 30.4    60.99   0.23                      3.17 G
Alpha Cir B               14 42 28.64 -64 58 41.2    60.822  0.022                     8.01 G
5877160615677467520       15 14 29.68 -57 53 19.8    55.793  0.024                    12.52 G
5883479539047399936       15 28 45.83 -56 41 52.9    44.552  0.023                    12.44 G
5848544412516689024       14 49 23.41 -67 14 10.2    41.903  0.029                     9.06 G
5848544412499643264       14 49 23.72 -67 14 09.4    41.837  0.019                     7.20 G
5876112300125320448       15 10 44.74 -61 25 20.3    41.620  0.020                     6.15 G
5846770973285176960       14 23 06.39 -68 22 57.5    39.92   0.21                      9.57 G
