Procyon            Gl 280           07 39 18.11 +05 13 30.0   285.17   0.64      F 5   IV-V  0.37    Alpha Canis Minoris
Procyon                             07 39 18.11 +05 13 30.0   285.17   0.64      DQZ 6.5    10.87  
Luyten's star      Gl 273           07 27 24.49 +05 13 32.8   264.127  0.041     M 3.5 V     9.83    BD+5 1668
Ross 882           Gl 285           07 44 40.17 +03 33 08.8   166.977  0.034     M 4   V    11.19    YZ CMi
G 89-32 A          GJ 3454          07 36 25.11 +07 04 43.1   116.58   0.92      M 5   V    13.99  
G 89-32 B                           07 36 25.11 +07 04 43.1   116.58   0.92      M 5   V    14.01  
LHS 1951 (A)       GJ 1103          07 51 54.67 -00 00 12.2   107.849  0.042     M 4.5 V    13.26  
LHS 1952 (B)                        07 51 54.67 -00 00 12.2   107.849  0.042     M 5   V    14.7   
G 50-12            GJ 3467          07 58 09.09 +07 17 01.4    76.281  0.026     M 4   V    13.88  
3143635723866162                    07 51 51.38 +05 32 57.1    67.621  0.019                13.1417
BD+02 1729         Gl 281           07 39 23.03 +02 11 01.1    66.337  0.021     M 0   V     9.59    Pleiades MG, Her-Lyr MG
G 112-27           GJ 1099          07 34 17.58 +00 59 09.2    64.004  0.027     M 2.5 V    10.8719
LSPM J0731+0249                     07 31 29.49 +02 49 08.4    56.443  0.063                14.8182
EGGR 427           GJ 1102 A        07 50 15.34 +07 11 37.0    55.105  0.056    DC 11.9     16.69    LHS 240
EGGR 426           GJ 1102 B        07 50 14.58 +07 11 48.9    54.967  0.061    DC 12.1     16.99    LHS 239
3089829644889680                    08 10 48.05 +01 09 11.7    51.675  0.023                13.9096
3155195714240292                    07 18 41.90 +08 30 01.4    48.971  0.021                12.6001
Gaia DR2 J0722+0243                 07 22 01.45 +02 43 54.3    47.505  0.14      M 8.5 V    16.98 G
3094572113419797                    08 10 53.62 +03 58 33.6    45.382  0.028                12.1434
3094447525008511                    08 05 57.14 +04 17 03.5    45.334  0.055                15.5874
3149589510609268                    07 35 05.92 +10 00 28.2    45.064  0.028                14.4266
3154368194301157                    07 09 33.64 +08 00 56.6    43.307  0.053                13.1172
3085871437392148                    07 44 50.69 +00 07 35.4    40.307  0.027                12.9993
3111871348333725                    07 18 13.86 +01 32 32.8    39.344  0.021                13.7895
3084005871097768                    08 00 03.53 -00 15 32.0    39.201  0.019                12.5966
