L 30-61               03 59 14.29 -78 37 29.27 |409.699    |274.732     |  45.39|      |      |15.29 |14.050|10.863|10.004|               
HD 270712 AB          04 44 10.97 -70 19 24.34 |-120.554   |-67.296     |  48.04|12.31 |11.11 |10.70 |10.103| 7.456| 6.593|M1.5+M1Ve      
UCAC4 066-003833      05 13 05.96 -76 53 21.94 |-223.484   |132.736     |  45.13|14.549|12.951|12.659|11.885| 9.238| 8.358|M2.5           
L 57-44               05 16 00.35 -72 14 12.78 |-46.787    |825.773     |  44.89|14.49 |11.709|10.676|10.751| 8.209| 7.362|M2             
L 31-84               05 16 59.72 -78 17 20.30 |44.645     |-1125.095   |  62.84|13.39 |11.91 |11.551|10.770| 8.066| 7.199|M3V            
WOH S 300             05 27 07.04 -72 31 20.38 |115.6      |349.4       |  42.8 |16.43 |14.75 |14.37 |13.405|10.335| 9.471|M              
WISE J0535-7500       05 35 16.81 -75 00 24.92 |-127       |13          | 250   |      |      |      |      |22.09 |      |Y1:+           
pi. Men               05 37 09.89 -80 28 08.83 |311.187    |1048.845    |  54.71| 6.25 | 5.67 |      | 5.491| 4.87 | 4.241|G0V            
WOH G 618             05 53 26.45 -71 33 49.79 |12.110     |397.047     |  87.56|      |16.863|15.03 |14.112|10.345| 9.358|M6.0           
2MASS J0608-7904      06 08 22.41 -79 04 44.79 |172.534    |-209.763    |  42.44|15.57 |      |13.37 |13.303|10.398| 9.592|               
SCR J0723-8015        07 23 59.62 -80 15 18.04 |-415.655   |737.913     |  61.19|      |17.410|15.61 |15.041|11.301|10.440|M6V            

SCR J0630-7643 A      06 30 46.6 -76 43 09 ; 0.56 ; 351.0 ; 112.49  ;  0.12  ; M 6   V     ; 15.48 V   ;   ;
SCR J0630-7643 B      06 30 46.6 -76 43 09 ; 0.56 ; 351.0 ; 112.49  ;  0.12  ; M 6   V     ; 15.68 V   ;   ;
NLTT 16775 (A)        06 33 43.3 -75 37 48 ; 0.40 ; 313.7 ; 113.08  ;  0.27  ; M 2   V     ; 10.35 V   ;   ;
NLTT 16774 (B)        06 33 46.8 -75 37 30 ; 0.37 ; 307.2 ; 113.08  ;  0.27  ; M 3   V     ; 11.41 V   ;   ;
Alpha Mensae B        06 10 14.6 -74 45 11 ; 0.25 ; 149.6 ;  98.06  ; 0.14   ; M 3.5 V     ; 8.43  Ks  ;   ;Reported in 2007A&A...474..273E
Alpha Mensae A        06 10 14.6 -74 45 11 ; 0.25 ; 149.6 ;  98.06  ; 0.14   ; G 7   V     ; 5.09  V   ;   ;
LMC 194.6.41          05 53 26.4 -71 33 50 ; 0.39 ; 1.5   ;  91.3   ; 1.6    ; M 6   V     ; 16.86 V   ;   ;GDR2 Pi= 87.561 +-0.052, 2MASS J0553-7133

WISE J0535-7500 AB?   05 35 16.8 -75 00 25    72.5   4.2   >=Y 1     398   22.50  Overluminous due to binarity? (Leggett+, 2017)

