4781196115469             04 33 39.72 -51 57 22.4    44.490  0.01473                      11.6212
4784805056230             04 45 38.57 -50 04 27.1    49.180  0.02549                       7.3506
4770840914960             05 03 25.84 -53 53 18.7    43.362  0.01510                      13.2833
4785886941312             05 05 14.42 -47 56 15.5    71.513  0.02149                      12.8737
4812321124989             05 09 43.83 -43 25 17.4    49.027  0.01692                      12.6354
4810594479418             05 11 40.58 -45 01 06.3   254.199  0.01684                       8.0636
4800721723993             05 17 21.42 -42 52 47.2    45.098  0.01718                      10.9156
4796804060982             05 26 40.79 -48 51 47.4    40.156  0.01373                      11.7655
4772342676044             05 27 30.56 -51 29 15.8    68.657  0.02024                      13.7035
4768702571002             05 30 57.20 -53 30 52.2    55.206  0.01404                      10.3129
4805600119646             05 33 28.03 -42 57 20.5    95.932  0.24561                      11.0662
4795596831576             05 36 55.09 -47 57 47.9    40.758  0.03953                       9.2936
4795598309045             05 36 56.85 -47 57 52.8    40.657  0.01374                       7.5501
4796263719738             05 38 09.38 -46 06 21.7    39.249  0.01211                       7.3589
4796263715442             05 38 09.84 -46 06 20.5    39.238  0.01193                       8.8878
4768909313548             05 42 54.88 -53 14 53.2    40.556  0.02182                      14.3835
Beta Pic                  05 47 17.08 -51 03 59.4    50.93   0.15        A 6   V           4.03    4 massive Pls, Beta Pic MG
4794632903476             05 47 18.21 -48 31 30.5    48.129  0.01121                       9.1117
4792274966430             05 49 59.06 -52 24 51.5    39.430  0.02191                      14.4110
4767716893186             05 52 29.15 -55 06 42.4    48.456  0.01296                      11.7155
4758877919212             05 54 04.24 -60 01 24.4    77.326  0.01699                       6.8579
4801001549701             05 56 56.12 -46 55 52.6    39.626  0.04805                      12.4762
4801001545405             05 56 56.15 -46 55 53.7    39.568  0.01171                       9.9559
5482312349304             06 01 18.93 -60 47 09.2    49.375  0.02429                      12.3892
5482312418025             06 01 19.02 -60 47 02.4    49.305  0.01843                      12.9972
5481848424118             06 22 30.94 -60 13 07.1    41.888  0.01378                       6.3652
5478163342178             06 22 37.01 -62 37 34.7    45.408  0.02017                      12.6984
5481843025342             06 25 56.09 -60 03 27.0    74.422  0.01815                      11.0329
5482827676662             06 33 49.97 -58 31 42.4    65.722  0.01285                      10.5328
5479778765278             06 38 00.35 -61 32 00.1    45.705  0.44492                       6.1423
5479782647926             06 39 50.02 -61 28 41.5    45.033  0.01159                       9.2486
5478730243502             06 41 36.31 -62 33 46.7    40.757  0.02830                      14.7826
WISE J0647-62             06 47 23.23 -62 32 35.52   83.730            
PSR J0437-47              04 35 49.33 -47 21 03.3     6.396  0.054       PSR              20.35 G