23 06 / 01 46; -39 23 / -24 48    00 26 -32 06  20deg


CD-37 15492        1               00 05 24.4 -37 21 27    230.134 0.060              M 1.5 V     8.54    6.10  112.5
LHS 1070 A         2005            00 24 42.0 -27 08 52    129.8   2.4                M 5.5 V    15.35    0.61  354.9
LHS 1070 B                         00 24 42.0 -27 08 52    129.8   2.4                M 8.5 V    18.68    0.61  354.9
LHS 1070 C                         00 24 42.0 -27 08 52    129.8   2.4                M 9.5 V    19.07    0.61  354.9
2MASS J0050-3322                   00 50 19.9 -33 22 40     94.6   2.4                T 7   V    15.93 J  1.50   53.1

LHS 132                            01 02 51.2 -37 37 44     82.0   2.7                M 8        18.53
APMPM J2331-2750                   23 31 21.8 -27 49 50     69.1   2.1                M 8        19.07
2MASS J2322-3133                   23 22 46.8 -31 33 23     58.6   5.6                L 1        13.58 J
SSSPM J2356-3426   LEHPM 1-6494    23 56 10.8 -34 26 04     52.4   1.7                M 9        20.81
LHS 4039 C         LEHPM 1-6443    23 54 09.3 -33 16 25     43.9   1.2                M 9        20.96                 Member of a system with an M4-M9 bin with sep 6" and a DA wd 103" away
RG 0050-2722       [HB88] S1       00 52 54.7 -27 06 00     41.8   2.3                M 9        21.54
LEHPM 1-1563                       01 27 32.0 -31 40 03     39.7   4.0                M 7        12.66 J

LEHPM 1-6333 (B)                   23 51 50.1 -25 37 39                   18.0  2.0   L 0.5      12.47 J               Companion of LEHPM 1-6334, SSSPM J2352-2538 B an M8 star

HD 5133            42              00 53 01.4 -30 21 23     89.0  23.8                K 3   V     7.17
HD 6088            2020            01 01 49.2 -25 53 15     84.9  20.5                F 0   V     9.75
HD 5133                            00 53 01.1 -30 21 24     81.8  10.6                K 3   V            0.622  86
HD 2025            18              00 24 25.8 -27 01 36     81.2  29.2                K 3   V     7.92
LHS 547            4350            23 36 51.9 -36 28 51     81.0                      M 4        13.72
LHS 4058           4387            23 59 51.0 -34 06 43     78.0                      M 4        12.80
LHS 3904           891             23 10 15.6 -25 55 54     77.7  19.0                M 2.5      11.27
C-28 302                           00 58 29.7 -27 52 05     76.9  14.2                M 3.5              1.305 103
LHS 1197           1031            01 08 17.8 -28 48 25     76.0                      M 5        13.42
LP 936-69                          00 02 40.5 -34 13 37     75.7   9.0               DC 9                0.758 169
Wolf 406           3001            00 02 40.1 -34 13 37     75.2   7.0               DC 9        14.90
HIP 4148                           00 53 01.1 -30 21 25     71.71  0.30                                  620.261    31.736
LHS 129            46              00 58 27.8 -27 51 21     71.7  14.5                M 3.5      11.77
C-26 16501                         23 10 15.6 -25 56 25     69.4  10.1                M 2.5              0.710  88
                   1009            00 21 57.2 -31 24 28     69.0                      M 2        11.16
HD 9770                            01 35 01.0 -29 54 36     67.1   8.1                K 3   V            0.198  52
HIP 114411                         23 10 15.7 -25 55 53     66.64  0.35                                  715.730    24.919
CD-28 262          2015            00 51 22.3 -27 23 12     64.9  20.5                K 0        10.41
HD 9770            60              01 35 01.0 -29 54 35     64.3  18.1                K 3   V     7.78
                   60              01 35 01.0 -29 54 35     64.3  18.1                K 4   V     8.00
                   60              01 35 01.0 -29 54 35     64.3  18.1                M 2   V    10.40
CD-36 491          1036            01 17 15.4 -35 42 57     63.0                                 11.42
CD-33 514          1038            01 25 02.3 -32 51 05     59.0                                  9.80
CD-26 322          2017            00 59 51.5 -25 35 28     57.9  20.5                G 0         9.87
C-27 16                            00 09 04.6 -27 07 29     57.5  10.1                M 0                0.683  84
C-26 323                           01 00 19.4 -25 36 55     57.2  23.5                K 2                0.426  95
HIP 6005                           01 17 15.4 -35 42 57     57.15  0.38                                   92.064  -172.594
LHS 1026           7               00 09 04.2 -27 07 21     56.3  26.4                           11.72
                   3017            00 15 37.7 -29 46 06     56.0                      M 3.5      14.31
HIP 1936                           00 24 25.9 -27 01 36     55.90  0.25                                  665.785    83.929
CD-26 323          2018            01 00 18.1 -25 36 53     55.9  20.5                K 2         9.95
HIP 1734                           00 21 56.0 -31 24 22     55.18  0.50                                   63.416  -194.015
HD 11020                           01 47 38.3 -26 45 01     54.8  15.0                K 1   V            0.295 200
HIP 116763                         23 39 51.3 -32 44 36     54.62  0.24                                  133.829  -304.671
G 267-158          1018            00 42 17.2 -36 43 00     54.0                                 12.65
Wolf 307           1039            01 25 24.8 -26 00 50     54.0                     DC 7        14.95
LHS 4016           4362            23 48 35.7 -27 39 38     53.0                      M 3.5      12.40
                   3101            01 36 02.1 -26 46 41     51.0                                 13.33
HIP 3261                           00 41 30.5 -33 37 32     50.82  0.29                                 -347.223  -251.068
CD-27 323          2019            01 00 37.2 -26 38 15     49.9  20.5                K 0        10.11
HIP 5410                           01 09 12.5 -24 41 21     49.56  0.53                                  300.375    24.544
HD 2025                            00 24 26.1 -27 01 35     49.1  12.5                K 3   IV-V         0.679  82
HD 1815            17.2            00 22 23.5 -27 02 01     47.6  11.4                K 3   V     8.30
HD 1815                            00 22 23.6 -27 01 57     47.3  11.3                K 2   IV-V         0.476 149
HD 224228          4377            23 56 10.9 -39 03 09     47.0                      K 3   V     8.21
HD 8326            3091            01 22 07.7 -26 53 37     46.0                      K 2   V     8.30
G 274-15           3092            01 22 09.7 -26 54 31     46.0                                 14.85
HD 224936          4388            00 01 54.5 -37 13 50     45.5  44.3                K 1   III   7.06
HD 10002           62              01 37 08.5 -29 23 36     45.5  13.7                K 0   V     8.14
HIP 118008                         23 56 10.7 -39 03 08     45.47  0.23                                  206.231  -185.819
CD-34 239          1016            00 41 29.4 -33 37 39     45.0                                 10.60
                   3096            01 22 46.8 -25 48 17     45.0                                 13.05
HIP 5663                           01 12 46.1 -25 14 08     44.00  0.32                                  128.303    19.881
HIP 118261                         23 59 13.7 -26 02 55     43.98  0.25                                 -229.509    12.437
CD-28 291          3067            00 56 19.6 -28 08 22     43.9  20.5                           10.96
TYC 7002-16-1                      01 23 24.8 -30 45 34     43.17  0.37                                 -107.305  -174.163
HD 1910            2004            00 23 15.3 -33 10 04     43.0                      K 3.5 V     8.75
LHS 1217           3081            01 14 08.7 -36 56 44     43.0                      M 2.5      13.85
GAM Scl                            23 18 49.4 -32 31 55     42.1  12.7                K 1   III          0.068 164
HD 219784          9821            23 18 49.8 -32 31 56     42.1  10.2                G 8   III   4.41
CD-33 408          3074            01 07 13.7 -32 25 44     42.0                                 10.76
                   3070            01 01 54.6 -25 45 42     41.9  20.5                           11.84
HD 10002                           01 37 08.7 -29 23 35     41.4  10.6                K 0   V            0.296 102
HD 4597                            00 47 30.8 -36 56 25     41.2  11.0                F 7.5 V            0.394 205
                   3085            01 19 22.6 -26 24 14     41.0                                 13.46
HD 222335                          23 39 51.2 -32 44 37     41.0  19.3                K 1   V            0.329 157
HD 222335          902.1           23 39 51.3 -32 44 37     41.0  22.2                K 1   V     7.19
CD-28 258          3062            00 50 20.9 -27 26 13     40.9  20.5                A 3         9.60
G 267-170          9029            00 47 29.9 -36 57 20     40.7  10.2                           15.50
HD 4597            9029            00 47 30.9 -36 56 26     40.7  10.2                F 7.5 V     7.85
HD 6378            9036            01 04 23.9 -25 36 18     40.7   9.1                K 5   V     9.80
G 268-46           3055            00 46 55.0 -26 08 04     40.0                      M 3        13.98
HD 6378                            01 04 24.1 -25 36 19     40.0  12.6                K 5   V            0.338 186
G 269-139          3088            01 19 51.4 -27 26 49     40.0                                 14.20
HD 223515          1291            23 50 15.3 -29 24 06     40.0                      K 1   V     7.94
HD 4208                            00 44 26.6 -26 30 56     39.8  16.3                G 5   V            0.345  62
HD 4208            9024            00 44 26.6 -26 30 58     39.8  18.8                G 5   V     7.79
HD 6880            9043            01 08 57.7 -30 55 50     39.7  11.9                G 9   V     9.10
HD 6880                            01 08 57.9 -30 55 46     39.7  15.0                G 9   V            0.223 125
HIP 117542                         23 50 14.9 -29 24 06     39.48  0.34                                  186.615    18.269
HD 3074                            00 33 43.8 -35 00 07     38.9  10.6                G 3   IV           0.511 186
TYC 7518-1-1                       23 46 59.0 -32 44 47     38.27  1.00                                  -80.461    52.862
DEL Scl                            23 48 55.5 -28 07 48     37.7  12.7                A 0   V            0.146 134
HIP 5027                           01 04 24.1 -25 36 18     36.76  0.28                                  -34.407  -318.109
HIP 5260                           01 07 13.6 -32 25 47     36.69  0.34                                  -13.334  -161.255
HIP 6414                           01 22 23.1 -33 12 51     36.00  0.30                                  357.399  -297.138
EPS Scl                            01 45 38.8 -25 03 09     35.3  14.9                F 1   V            0.169 108
HD 10166                           01 38 57.9 -27 15 09     33.8  15.0                K 0   V            0.266  99
HIP 6390                           01 22 07.6 -26 53 35     32.69  0.32                                  -58.222  -224.892
HIP 4353                           00 55 49.2 -29 40 33     32.61  0.34                                  394.891   173.773
C-26 322                           00 59 51.6 -25 35 26     32.5  23.8                G 0                0.050 225
CHI Scl                            01 01 18.3 -38 54 59     32.5  15.0                K 0   III          0.082  52
Theta Scl          3013            00 11 44.3 -35 08 01     32.2  11.9                F 4   V     5.25
HD 5425            3065            00 55 49.3 -29 40 30     20.8  20.5                K 5   V     9.48
