CD-37 15492        1               00 05 24.42 -37 21 26.5  230.097  0.036     M 1.5 V     8.54      
LHS 1070 A         2005            00 24 44.17 -27 08 25.2  129.32   0.13      M 5.5 V    15.35      
LHS 1070 B                         00 24 44.17 -27 08 25.2  129.32   0.13      M 8.5 V    18.68      
LHS 1070 C                         00 24 44.17 -27 08 25.2  129.32   0.13      M 9.5 V    19.07      
2MASS J0050-3322                   00 50 19.94 -33 22 40.2   94.6    2.4       T 7   V    15.93 J    
LHS 132                            01 02 51.05 -37 37 43.7   88.291  0.056     M 8   V    18.53      
LHS 129            46              00 58 27.93 -27 51 25.3   84.98   0.46      M 3.5 V    11.77      
LHS 547            4350            23 36 51.9  -36 28 51     83.676  0.023     M 4   V    13.72      
LHS 1197           1031            01 08 18.29 -28 48 20.5   77.962  0.040     M 5   V    13.42      
APMPM J2331-2750                   23 31 21.8  -27 49 50     73.379  0.077     M 8   V    19.07      
HD 5133            42              00 53 01.13 -30 21 24.8   71.726  0.027     K 3   V     7.17      
Wolf 406           3001            00 02 40.09 -34 13 39.5   67.529  0.029    DC 9        14.90      
LHS 3904           891             23 10 15.74 -25 55 52.6   67.101  0.023     M 2.5 V    11.27      
LP 987-23                          23 46 38.23 -34 10 01.5   64.979  0.033     M 3   V    12.55      
LHS 4058           4387            23 59 51.37 -34 06 42.4   63.761  0.039     M 4   V    12.80      
LEHPM 5625                         23 15 02.01 -35 28 24.7   61.480  0.033                13.49      
UCAC4 284-213523                   23 30 38.08 -33 18 26.9   60.660  0.025                14.96      
Wolf 307           1039            01 25 24.46 -26 00 44.4   60.358  0.026    DC 7        14.95      
CD-36 491          1036            01 17 15.40 -35 42 57.2   57.461  0.020                11.42      
HD 2025            18              00 24 25.93 -27 01 36.3   55.824  0.025     K 3   V     7.92      
EGM 95             1009            00 21 56.04 -31 24 21.8   55.476  0.020     M 2   V    11.16      
HD 222335          902.1           23 39 51.30 -32 44 36.2   54.719  0.025     K 1   V     7.19      
SSSPM J2356-3426   LEHPM 1-6494    23 56 10.82 -34 26 04.5   52.75   0.12      M 9   V    20.81      
LHS 1217           3081            01 14 08.7  -36 56 44     52.041  0.026     M 2.5 V    13.85      
CWISE J0043-3822                   00 43 11.24 -38 22 25.0   52.0              T 8.5 V               
1RXS J0122-2547    3096            01 22 44.04 -25 47 07.6   51.083  0.027                13.05      
CD-34 239          1016            00 41 29.4  -33 37 39     50.925  0.020                10.60      
2MASS J2322-3133                   23 22 46.8  -31 33 23     50.23   0.25      L 1   V    13.58 J    Also L 2 Beta
G 267-100 AB                       00 25 04.30 -36 46 17.8   49.87   0.11      M 2.5 V    12.49      
LEHPM 1-6333 (B)                   23 51 50.46 -25 37 36.8   49.08   0.45      L 0.5 V    12.47 J    Companion of LEHPM 1-6334, SSSPM J2352-2538 B an M8 star
HIP 5410                           01 09 12.5  -24 41 21     48.933  0.048     M 3   V    12.25      
LHS 4025                           23 50 52.62 -39 05 17.3   47.438  0.017                13.06 G    
Theta Scl                          00 11 44.02 -35 07 59.2   46.043  0.096     F 5   V     5.24      
HD 1815            17.2            00 22 23.5  -27 02 01     45.95   0.34      K 2   V     8.32      
HD 9770 C                          01 35 00.98 -29 54 35.3   45.83   0.18                 10.08 G
HD 9770            60              01 35 01.01 -29 54 37.3   38.43   0.66      K 1   V     7.10      
CD-36 171                          00 31 36.95 -36 06 50.4   45.611  0.025                11.83      
HD 224228          4377            23 56 10.67 -39 03 08.4   45.550  0.023     K 3   V     8.21      
G 267-158          1018            00 42 17.2  -36 43 00     45.300  0.027                12.65      
HD 1910            2004            00 23 15.96 -33 10 03.0   45.144  0.020     K 3.5 V     8.75      
5005435876957437696                00 36 24.62 -34 07 03.0   44.440  0.014                13.1018    
5014775163084430976                01 30 29.01 -35 12 00.4   44.257  0.027                14.3629    
HIP 5663                           01 12 46.1  -25 14 08     44.191  0.018                 9.0365    
4989114210959175808                01 04 28.90 -38 27 48.7   44.085  0.030                11.7445    
4997505546262260096                00 31 19.29 -38 40 36.0   43.89   0.80                 19.0638    
HIP 118261                         23 59 13.69 -26 02 55.4   43.873  0.021                 8.3448    
4989657094825384064                01 08 46.42 -37 10 21.4   43.824  0.022                14.3220    
TYC 7002-16-1                      01 23 24.77 -30 45 34.0   43.618  0.018                10.8469    
2313836325604479872                23 54 01.08 -33 16 24.3   43.122  0.026                12.2503    
2313836325604479616                23 54 01.07 -33 16 31.0   43.100  0.022                14.4758    
LHS 4039 C         LEHPM 1-6443    23 54 09.28 -33 16 26.7   42.99   0.14      M 9        20.96      Member of a system with an M4-M9 bin with sep 6" and a DA wd 103" away
6538208137513096448                23 32 00.18 -39 17 37.1   42.285  0.027                11.7117    
LHS 1026           7               00 09 04.35 -27 07 19.6   42.059  0.032     M 0        11.72      
2309132133824849152                00 18 44.78 -34 50 15.0   42.033  0.023                11.7911    
5001224335106301824                00 45 55.86 -36 04 56.6   41.148  0.046                15.3352    
4998040286871047680                00 20 00.58 -38 52 08.4   40.972  0.031                14.7719    
2311039752138513536                23 53 40.95 -35 59 05.8   40.810  0.028                12.2305    
5036026145867484672                01 36 08.74 -26 52 16.2   40.475  0.039                12.0265    
5001668709601989248                00 53 18.98 -36 31 10.1   40.20   0.75                 19.7432    
RG 0050-2722       [HB88] S1       00 52 54.69 -27 05 59.5   40.19   0.18      M 9        21.54      
2317773298786508416                00 39 56.03 -30 32 46.5   40.077  0.016                13.3495    
CD-33 514 AB       1038            01 25 01.81 -32 51 04.0   39.8    1.6                   9.80      
5015892473055253248                01 24 27.76 -33 55 07.9   39.798  0.026                12.8410    
5015892473056733696                01 24 27.64 -33 55 09.4   39.758  0.025                12.7634    
LEHPM 1-1563                       01 27 31.96 -31 40 03.2   39.7    4.0       M 7        12.66 J    
5015892507416472320                01 24 30.62 -33 55 01.7   39.623  0.020                13.8104    
